100 135
135 134
135 7375
1000 1009
1000 10672
1000 5782
1000 5801
10672 5581
10672 6004
10672 7046
10672 7852
10672 9294
5782 3717
5782 9051
10000 5590
5590 23136
5590 3716
5590 4155
5590 653361
5590 6667
5590 695
5590 708
5590 7532
5590 7533
5590 839
5590 842
5590 84317
5590 84612
5590 9637
5590 9638
10001 6597
10001 79991
10001 80306
10001 90390
10001 9150
6597 10498
6597 196
6597 23476
6597 4001
6597 5395
6597 57492
6597 63893
6597 6602
6597 6603
6597 672
6597 6794
6597 6929
6597 8365
80306 23186
80306 51586
80306 5431
90390 26039
90390 55588
9150 1869
9150 8367
10002 5468
10002 6617
5468 11100
5468 23426
5468 29109
5468 4780
5468 51701
5468 5599
5468 5925
5468 9314
10006 1399
10006 25
1399 1600
1399 2035
1399 3911
1399 51082
1399 613
1399 6655
25 10278
25 11250
25 114784
25 126669
25 1946
25 1956
25 2316
25 2318
25 23385
25 25920
25 2889
25 3815
25 4053
25 4137
25 4914
25 5310
25 57716
25 6461
25 6792
25 718
25 7275
25 7531
25 80852
25 8470
25 8506
25 857
25 8646
25 91179
10010 23118
10010 329
10010 3305
10010 3313
10010 4591
10010 4670
10010 51520
10010 51763
10010 7965
10010 958
23118 10454
23118 10616
23118 1431
23118 3312
23118 3313
23118 6907
23118 7531
23118 790
23118 805
23118 8607
23118 8841
23118 92609
23118 9349
329 331
329 54739
329 8740
3305 4793
3305 8717
3313 10454
3313 387082
3313 54165
3313 81847
4591 26150
4591 55388
4591 55755
4591 9055
4670 10915
4670 6427
4670 6871
4670 7916
4670 84444
4670 8848
4670 9643
51520 1937
51520 57521
51763 6607
51763 7083
7965 55157
7965 64837
958 3718
958 7188
958 959
10013 285761
10013 3091
10013 6173
3091 405
3091 4692
3091 51564
3091 6464
3091 6774
10014 10236
10014 10383
10014 10419
10014 10432
10014 10549
10014 10726
10014 10971
10014 1152
10014 1159
10014 1615
10014 1650
10014 192111
10014 2194
10014 23468
10014 25942
10014 26227
10014 2782
10014 293
10014 3054
10014 3065
10014 3185
10014 4088
10014 4175
10014 4758
10014 498
10014 5034
10014 5315
10014 5520
10014 55844
10014 5708
10014 5725
10014 5901
10014 5928
10014 6188
10014 6191
10014 6472
10014 701
10014 7417
10014 8473
10014 8625
10014 9054
10014 9149
10014 9584
10014 9861
10236 3014
10236 3276
10236 54487
10236 55832
10236 9768
10383 409
10383 7283
10383 8450
10383 9768
10419 134353
10419 192670
10419 6628
10419 8363
10432 142
10432 6871
10432 7341
10549 1593
10549 51547
10726 5347
10971 1027
10971 1158
10971 23189
10971 2639
10971 2810
10971 301
10971 3014
10971 302
10971 3183
10971 3185
10971 4172
10971 5129
10971 5315
10971 6143
10971 6144
10971 65266
10971 7249
10971 801
10971 805
10971 8204
10971 84335
10971 8453
10971 8520
10971 9101
10971 9493
10971 988
1152 9768
1159 548596
1159 9768
1615 10397
1615 7341
1615 8065
1615 8452
1650 550
1650 81622
192111 3396
192111 8237
192111 84464
192111 8450
192111 9768
2194 2130
2194 3326
2194 57479
2194 9768
23468 171023
23468 5928
23468 6613
23468 8208
23468 9768
25942 10664
25942 1602
25942 3054
25942 51621
25942 6857
25942 7468
25942 9219
25942 9318
26227 7273
2782 10399
293 1107
293 55832
293 5970
3054 11091
3054 133522
3054 1994
3054 5451
3054 55723
3054 80335
3065 10733
3065 10856
3065 11051
3065 11315
3065 157570
3065 1649
3065 1874
3065 201254
3065 23421
3065 23426
3065 26959
3065 29128
3065 3663
3065 4088
3065 4175
3065 51053
3065 51422
3065 5195
3065 5347
3065 54998
3065 55818
3065 56647
3065 5915
3065 5928
3065 6299
3065 6418
3065 6421
3065 6737
3065 6773
3065 701
3065 7468
3065 79915
3065 8352
3065 8363
3065 9212
3065 9706
3065 9768
3065 991
3185 10140
3185 10907
3185 11130
3185 4686
3185 6871
3185 8453
3185 8535
3185 9768
4088 1052
4088 1386
4088 143
4088 1855
4088 23426
4088 288
4088 4734
4088 4802
4088 5308
4088 57154
4088 5970
4088 7554
4088 80149
4088 81628
4088 8289
4088 83861
4088 9146
4175 121504
4175 23594
4175 253714
4175 4171
4175 4176
4175 4998
4175 51053
4175 55388
4175 64785
4175 81620
4175 8318
4175 8365
4175 8367
4758 2588
4758 5476
498 26260
498 4292
498 7341
498 81847
5034 1999
5034 2923
5034 3014
5034 56605
5034 6613
5034 8453
5034 9768
5315 112399
5315 3014
5315 3326
5315 7083
5315 8453
5315 9768
5520 23517
5520 5515
5520 5516
5520 55844
5520 6950
5520 9768
55844 3725
55844 5531
5708 10397
5708 10783
5708 22933
5708 23770
5708 4193
5708 9861
5725 3191
5725 409
5725 6421
5725 6626
5901 10527
5901 1104
5901 11260
5901 23039
5901 3837
5901 57510
5901 6749
5901 729540
5901 7443
5901 9768
5928 11315
5928 1387
5928 3621
5928 5511
5928 55355
5928 55723
5928 5934
5928 6878
5928 7083
5928 8208
5928 9219
5928 9759
5928 9768
6191 55832
6472 3396
701 1062
701 11065
701 11130
701 163
701 4085
701 5347
701 57082
701 699
701 9184
701 9759
701 991
701 996
7417 54205
7417 578
8473 23291
8473 4303
8473 9768
8625 4795
9149 10048
9149 6927
9149 84105
9584 23054
9584 56259
9584 7341
9584 9768
9861 22933
9861 5701
9861 5887
9861 837
10015 10268
10015 25930
10015 3577
10015 373156
10015 55048
10015 5648
10015 6613
10015 79876
3577 2919
3577 3579
3577 6372
3577 6374
5648 1647
5648 718
6613 10153
6613 10273
6613 10389
6613 10499
6613 10521
6613 10743
6613 10923
6613 1107
6613 11124
6613 11177
6613 11244
6613 158405
6613 1655
6613 1994
6613 221927
6613 22803
6613 22880
6613 22950
6613 23212
6613 23246
6613 23309
6613 23764
6613 26119
6613 27042
6613 27043
6613 27069
6613 302
6613 3030
6613 3146
6613 3226
6613 3297
6613 3646
6613 389677
6613 4609
6613 4665
6613 467
6613 4683
6613 4905
6613 4926
6613 51341
6613 51366
6613 51562
6613 51575
6613 51742
6613 51780
6613 51808
6613 5224
6613 54476
6613 54880
6613 54919
6613 55324
6613 5558
6613 55614
6613 55636
6613 55720
6613 55729
6613 5591
6613 5621
6613 57103
6613 57187
6613 57325
6613 57332
6613 57591
6613 57680
6613 5802
6613 5927
6613 6598
6613 65986
6613 6720
6613 6934
6613 7014
6613 7185
6613 7329
6613 7415
6613 79047
6613 79618
6613 7975
6613 84141
6613 84232
6613 84629
6613 8464
6613 84838
6613 84952
6613 9678
6613 9782
6613 9904
6613 9925
79876 81631
79876 9276
79876 94081
79876 9446
10017 572
572 5499
10018 207
10018 4170
10018 4282
10018 5602
10018 597
10018 599
10018 695
10018 7416
207 133522
207 1901
207 3162
207 350
207 4515
207 5058
207 5170
207 56256
207 673
207 6789
207 8570
207 9261
4170 8678
4170 8870
4282 4830
4282 54984
4282 80204
5602 80184
5602 80824
597 638
599 1994
599 638
695 10333
695 123920
695 2768
695 2969
695 3055
695 355
695 356
695 3702
695 3716
695 408
695 51311
695 5305
695 5328
695 5336
695 54331
695 5579
695 5581
695 5587
695 7409
695 7454
695 9467
7416 158055
7416 387082
7416 5581
10019 2064
10019 2065
10019 2316
2064 10045
2064 1123
2064 1398
2064 1742
2064 2099
2064 2268
2064 23371
2064 2886
2064 322
2064 3572
2064 3667
2064 3678
2064 3691
2064 3717
2064 400745
2064 54453
2064 5774
2064 5793
2064 5803
2064 6464
2064 6503
2064 6772
2064 857
2065 10451
2065 23371
2065 2886
2065 6714
2065 7294
2316 1634
2316 324
2316 367
2316 3688
2316 3693
2316 4000
2316 4215
2316 5094
2316 6401
2316 7082
2316 7204
2316 7532
2316 83478
2316 857
10020 1400
1400 7415
1400 7431
1400 773
10025 2648
10025 7067
10025 8353
2648 10111
2648 23162
2648 23741
2648 6874
2648 6925
7067 55806
7067 6879
8353 10951
8353 1107
8353 1108
8353 123169
8353 23067
8353 29128
8353 3012
8353 4678
8353 55193
8353 8451
8353 84678
8353 8726
8353 9015
8353 9031
8353 9682
10026 821
821 10148
821 51371
821 811
1003 1500
1003 2151
1003 3791
1003 6464
1003 7431
1500 5797
1500 5979
2151 1511
2151 58494
2151 9002
3791 1398
3791 1439
3791 2321
3791 2324
3791 308
3791 3690
3791 6464
3791 80781
3791 857
3791 8829
6464 1436
6464 1439
6464 1441
6464 2209
6464 2212
6464 2534
6464 2690
6464 2889
6464 3566
6464 3667
6464 3690
6464 3691
6464 3717
6464 3875
6464 3937
6464 4914
6464 4916
6464 4921
6464 5159
6464 558
6464 6335
6464 7010
6464 800
6464 8613
6464 9046
6464 9261
7431 1647
7431 2167
7431 23111
7431 4215
7431 51074
7431 51535
7431 5175
7431 51762
7431 5310
7431 5630
7431 5682
7431 60491
7431 7082
7431 7295
7431 7532
7431 8553
7431 920
7431 9636
100302736 1994
100302736 23098
1994 10081
1994 10189
1994 10221
1994 10252
1994 103
1994 10390
1994 10498
1994 10682
1994 10921
1994 11156
1994 11177
1994 11244
1994 11261
1994 113457
1994 113828
1994 117178
1994 123811
1994 124935
1994 125950
1994 128239
1994 135293
1994 1368
1994 1445
1994 1911
1994 1998
1994 200879
1994 2296
1994 23048
1994 23185
1994 23254
1994 23258
1994 23466
1994 23471
1994 23670
1994 24138
1994 254531
1994 26135
1994 26517
1994 26528
1994 2707
1994 29128
1994 30000
1994 3014
1994 3066
1994 332
1994 399664
1994 4218
1994 4515
1994 4676
1994 4976
1994 50807
1994 51317
1994 51441
1994 51588
1994 5292
1994 540
1994 5433
1994 54680
1994 54793
1994 54815
1994 54989
1994 55027
1994 55143
1994 55266
1994 55591
1994 55635
1994 55737
1994 55740
1994 55810
1994 55920
1994 56603
1994 56906
1994 56951
1994 57455
1994 57646
1994 6399
1994 64207
1994 6426
1994 64651
1994 64708
1994 6502
1994 6732
1994 6752
1994 6929
1994 7132
1994 7334
1994 7430
1994 7546
1994 79016
1994 79180
1994 79768
1994 79877
1994 80011
1994 80212
1994 8175
1994 835
1994 84823
1994 84991
1994 8539
1994 8566
1994 8570
1994 8766
1994 90231
1994 9129
1994 9184
1994 91875
1994 9219
1994 92610
1994 9410
1994 9585
1994 9688
1994 9690
1994 9766
1994 9949
10036 1017
10036 10541
10036 10915
10036 10926
10036 2547
10036 55723
10036 641
10036 6418
10036 8125
10036 8208
10036 8317
10036 8365
10036 9768
1017 2237
1017 3005
1017 4998
1017 5501
1017 64061
1017 6502
1017 672
1017 7290
1017 8208
1017 8317
1017 8407
1017 85417
1017 8848
1017 9055
1017 9133
1017 990
1017 993
10915 10946
10915 11052
10915 11338
10915 118429
10915 147179
10915 3187
10915 3308
10915 4189
10915 4869
10915 6421
10915 6426
10915 6607
10915 7171
10915 7341
10915 7536
10926 23594
10926 4172
10926 4998
10926 8317
2547 113130
2547 2033
2547 3609
2547 4287
2547 4809
2547 4851
2547 5050
2547 51588
2547 5451
2547 54918
2547 55278
2547 694
2547 7157
2547 7486
2547 7528
2547 81847
55723 23137
55723 51081
55723 8208
55723 8352
641 1111
641 2189
641 2237
641 2956
641 3014
641 4436
641 55832
641 5888
641 6118
641 6119
641 6853
641 7516
641 8243
641 83990
641 9156
6418 151648
6418 2000
6418 2023
6418 51377
6418 55593
6418 654364
6418 7030
6418 8125
6418 8363
6418 891
8125 23633
8125 8352
8125 8365
8125 9015
8208 9768
8208 983
8317 22933
8317 23594
8317 4171
8317 4172
8317 4998
8317 55388
8317 63967
8365 142
8365 4171
8365 54386
8365 5595
8365 672
8365 8349
8365 8351
8365 8357
8365 8850
8365 9734
9768 10465
9768 10521
9768 1063
9768 10657
9768 10808
9768 11051
9768 1213
9768 140460
9768 1503
9768 1854
9768 2237
9768 23234
9768 26135
9768 283742
9768 3183
9768 3251
9768 3838
9768 4001
9768 4172
9768 4686
9768 5351
9768 5479
9768 5501
9768 55215
9768 5597
9768 5685
9768 57002
9768 6118
9768 6430
9768 6431
9768 654364
9768 6727
9768 7053
9768 7073
9768 79747
9768 79811
9768 8407
9768 84298
9768 84324
9768 8668
9768 8683
9768 891
9768 9184
9768 9275
9768 9410
9768 94239
9768 9493
9768 9775
10038 1058
10038 9184
1058 2491
1058 55355
1058 55839
1058 6015
1058 64105
1058 79019
1058 79172
1058 79801
1058 80829
1058 9212
1058 9493
9184 11336
9184 699
9184 991
10040 10630
10040 2534
10040 9146
2534 1020
2534 11183
2534 119
2534 1398
2534 2060
2534 2212
2534 2213
2534 2319
2534 2321
2534 2799
2534 2908
2534 3224
2534 3691
2534 3937
2534 4659
2534 51428
2534 5296
2534 5581
2534 55824
2534 5583
2534 57142
2534 57190
2534 5788
2534 65268
2534 6654
2534 8853
2534 8871
2534 8877
2534 8936
2534 948
9146 23163
9146 23265
9146 4233
9146 4734
9146 5058
9146 6335
9146 7317
10045 7251
7251 11196
7251 3055
7251 51079
7251 54778
7251 7314
7251 7408
7251 8495
7251 8760
10048 2332
10048 23621
10048 2908
10048 324
10048 367
10048 3683
10048 3689
10048 5467
10048 558
10048 64581
23621 4035
23621 4313
23621 5660
23621 6404
2908 140597
2908 158399
2908 2063
2908 2113
2908 2114
2908 23136
2908 26137
2908 367
2908 4791
2908 5371
2908 5452
2908 6840
2908 7026
2908 7041
2908 7295
2908 7704
2908 79842
2908 80205
2908 81857
2908 8648
2908 920
324 11097
324 1487
324 23345
324 23499
324 3799
324 3910
324 4628
324 54764
324 5903
324 720
324 89796
367 10114
367 1329
367 1387
367 2078
367 2099
367 2113
367 2308
367 25898
367 2934
367 3428
367 3572
367 4117
367 57178
367 5728
367 595
367 60
367 6840
367 6925
367 7041
367 857
367 861
367 8648
367 8850
367 9325
367 9612
3683 3689
3683 5788
3689 10666
3689 11082
3689 3383
3689 3684
3689 3687
3689 3732
3689 51454
3689 5583
3689 5962
3689 7094
3689 7409
3689 929
5467 3693
5467 4616
5467 5037
5467 8648
558 23371
64581 7097
10049 4604
10049 6445
4604 808
6445 1024
6445 8082
10051 10592
10051 23310
10051 23397
10051 64151
10051 837
10592 23310
10592 23397
10592 54892
10592 64151
23310 54892
23397 3015
23397 64151
23397 9212
64151 2237
837 2707
837 3606
837 64127
10052 7082
7082 51762
7082 55243
7082 83700
7082 87
10053 3949
3949 255738
3949 26119
10056 3068
10056 79016
3068 23404
3068 27292
3068 27316
3068 3007
3068 5358
3068 55174
3068 55726
3068 6205
3068 6427
3068 6428
3068 9188
79016 3419
79016 5036
79016 51479
79016 6723
10057 204
204 654364
10061 22938
22938 5563
22938 55805
22938 84164
22938 84708
10072 25913
10072 3312
25913 10963
25913 1427
25913 1936
25913 253943
25913 3326
25913 4598
25913 5871
25913 6279
25913 6421
25913 7280
25913 8895
25913 9401
3312 1019
3312 29110
3312 51141
3312 54205
3312 54487
3312 55832
3312 5599
3312 5925
3312 6622
3312 8195
3312 8717
3312 9532
10075 472
10075 5720
10075 79008
10075 80124
472 4361
472 4436
472 675
472 9126
5720 10912
5720 5201
5720 56852
5720 5687
5720 5721
79008 50628
79008 60681
79008 80198
79008 805
80124 137886
80124 55968
10078 7317
10084 5430
5430 29072
5430 54165
5430 54623
5430 55588
5430 55832
5430 63935
5430 6829
5430 7428
5430 80335
5430 83737
5430 86
10085 3685
3685 3491
3685 3688
3685 3693
3685 4313
3685 4323
3685 6696
3685 7040
3685 7070
10092 10095
10092 10109
10092 9261
10095 10096
10095 10109
10109 10096
10109 10262
10109 6637
10109 85437
10093 10289
10289 2130
10289 38
10289 5437
10289 7879
10096 10097
10097 8452
10097 8936
10097 8976
8452 10179
8452 10324
8452 10667
8452 10767
8452 10857
8452 10949
8452 11137
8452 11215
8452 1654
8452 1656
8452 1915
8452 1947
8452 1975
8452 23085
8452 23365
8452 23451
8452 23510
8452 2597
8452 3792
8452 3939
8452 50813
8452 51808
8452 54165
8452 5500
8452 55660
8452 56648
8452 5813
8452 605
8452 6122
8452 6139
8452 6144
8452 6175
8452 64210
8452 7072
8452 7520
8452 7812
8452 801
8452 8065
8452 8294
8452 83640
8452 841
8452 84295
8452 84541
8452 9403
8452 9567
8452 9782
8452 9801
8936 10152
8936 10787
8976 1936
8976 51429
8976 54874
10099 2130
2130 10523
2130 11100
2130 11103
2130 11128
2130 1660
2130 1676
2130 2033
2130 22890
2130 23635
2130 25941
2130 26959
2130 3159
2130 4723
2130 4904
2130 5108
2130 51755
2130 54475
2130 56673
2130 6505
2130 6631
2130 7536
2130 79723
2130 79869
2130 801
2130 85465
10262 10285
6637 10921
6637 6867
10110 4734
4734 10635
4734 409
4734 4217
4734 54956
4734 56937
4734 5894
4734 5911
4734 6337
4734 6789
4734 79864
4734 8289
4734 8416
4734 8514
4734 91869
4734 9967
10111 11200
10111 8487
11200 10155
11200 10197
11200 1869
11200 26574
11200 392
11200 4436
11200 5525
11200 5527
11200 5529
11200 5883
11200 8850
11200 995
10112 9212
9212 11186
9212 220134
9212 26155
9212 29127
9212 332
9212 3619
9212 55143
9212 55920
9212 83540
9212 83903
9212 983
9212 9903
9212 991
10114 7161
7161 1107
7161 2639
7161 57520
7161 6603
7161 7159
7161 80176
10116 10399
10116 54165
10399 121504
10399 1759
10399 29967
10399 3454
10399 3455
10399 3688
10399 6303
10399 6857
10399 7297
54165 10342
54165 1476
54165 25797
54165 26994
54165 4087
54165 51649
54165 54431
54165 54606
54165 6128
54165 6141
54165 6147
54165 6204
54165 6233
54165 6633
54165 6634
54165 708
54165 801
54165 9403
1012 5597
5597 288
5597 5349
5597 54946
5597 55142
5597 6430
5597 6453
5597 7692
5597 7786
5597 79065
5597 79885
5597 811
5597 84950
5597 9021
10121 1639
1639 1186
1639 2932
1639 4751
10123 56893
56893 11052
56893 1295
56893 1508
56893 23414
56893 26206
56893 27122
56893 27253
56893 30008
56893 3925
56893 4302
56893 4942
56893 5054
56893 51661
56893 5710
56893 5799
56893 6184
56893 6310
56893 6366
56893 6427
56893 64770
56893 6696
56893 7041
56893 862
56893 871
56893 91445
56893 9260
56893 93974
10127 51282
51282 54925
51282 7579
10128 2035
10128 23612
10128 3396
10128 49856
10128 9500
2035 10963
2035 1207
2035 23020
2035 2806
2035 3336
2035 4809
2035 4926
2035 5037
2035 5198
2035 5688
2035 5704
2035 5902
2035 6342
2035 8724
23612 10982
23612 10989
23612 22868
23612 25939
23612 26155
23612 26354
23612 4641
23612 55622
23612 64216
23612 6636
23612 6845
23612 7204
23612 9093
23612 9343
3396 10476
3396 10632
3396 10989
3396 115416
3396 124995
3396 126789
3396 1468
3396 23203
3396 26073
3396 26284
3396 26589
3396 28973
3396 29074
3396 292
3396 30968
3396 326625
3396 4163
3396 4722
3396 4723
3396 4728
3396 509
3396 51069
3396 51073
3396 51079
3396 51081
3396 51116
3396 51264
3396 51642
3396 51649
3396 5245
3396 5442
3396 54938
3396 54948
3396 55052
3396 6150
3396 6182
3396 63875
3396 64951
3396 64960
3396 64965
3396 64969
3396 64983
3396 65003
3396 65080
3396 65993
3396 708
3396 7284
3396 79922
3396 81892
3396 83858
3396 84311
3396 90480
3396 9093
3396 9361
49856 10155
49856 114883
49856 26354
49856 4641
49856 5202
49856 5709
49856 6747
49856 93436
9500 29080
9500 4804
9500 4920
9500 5105
1013 1499
1013 2768
1499 1642
1499 2272
1499 25852
1499 26060
1499 27347
1499 4582
1499 51701
1499 5310
1499 5494
1499 56647
1499 6304
1499 7430
1499 81
1499 8502
1499 9802
2768 2149
10130 8065
8065 10492
8065 1153
8065 1654
8065 1915
8065 23020
8065 27161
8065 2744
8065 29896
8065 309
8065 50813
8065 51676
8065 5433
8065 6136
8065 6138
8065 6187
8065 6194
8065 6202
8065 6207
8065 6632
8065 6789
8065 8294
8065 8330
10131 10333
10131 5195
10131 5704
10131 7046
10131 7048
10333 7097
5704 4217
5704 5683
5704 5684
5704 5714
5704 5717
5704 6045
5704 80227
5704 84938
5704 8780
7046 11171
7046 1123
7046 142891
7046 2022
7046 23580
7046 25853
7046 3987
7046 5128
7046 51285
7046 51433
7046 51560
7046 5218
7046 5371
7046 55622
7046 55843
7046 57381
7046 57514
7046 6497
7046 658
7046 659
7046 7043
7046 81788
7046 83452
7046 83871
7046 857
7046 90
7046 9372
7046 9459
7048 1616
7048 343521
10133 3064
10133 4621
10133 7273
10133 79734
3064 1487
3064 5217
3064 8189
7273 1108
7273 1676
7273 2023
7273 4077
7273 5394
7273 56704
10134 598
598 23770
598 2475
598 27113
598 51283
598 5366
598 5883
598 83985
598 8660
10137 26058
26058 27161
10138 648
648 189
648 6045
648 8337
648 84733
10140 246175
10140 29883
246175 23019
246175 7832
10142 23122
23122 22919
10146 3178
10146 4076
10146 57532
10146 65083
10146 8021
10146 9636
10146 9641
3178 10179
3178 221092
3178 3187
3178 6607
3178 6632
65083 7341
8021 5903
8021 7341
9636 10960
9636 11080
9636 11274
9636 23022
9636 23586
9636 26509
9636 27005
9636 3303
9636 3304
9636 3315
9636 3337
9636 3434
9636 3437
9636 4599
9636 51510
9636 5268
9636 5351
9636 5358
9636 5514
9636 55339
9636 56257
9636 6876
9636 79691
9636 84159
9636 87
9641 10380
9641 11171
9641 11331
9641 22919
9641 231
9641 23406
9641 26355
9641 3187
9641 4144
9641 4869
9641 51504
9641 52
9641 5917
9641 5962
9641 5970
9641 6161
9641 6208
9641 6389
9641 7257
9641 8775
9641 94081
9641 9761
9641 9935
10147 8216
8216 142
8216 201514
8216 84678
10152 2639
10152 53616
2639 140545
2639 51295
2639 56961
2639 57763
2639 6280
2639 6549
2639 847
53616 5880
10153 4609
4609 10155
4609 10528
4609 10580
4609 1457
4609 1785
4609 1973
4609 2071
4609 22868
4609 23350
4609 23645
4609 29028
4609 2959
4609 29894
4609 3420
4609 3646
4609 4601
4609 4691
4609 4796
4609 51606
4609 51807
4609 54919
4609 5537
4609 55622
4609 5591
4609 5688
4609 58472
4609 6185
4609 6598
4609 6625
4609 6727
4609 7022
4609 708
4609 7150
4609 79711
4609 79858
4609 84875
4609 8607
4609 908
4609 91754
4609 9330
10155 10856
10155 10951
10155 11335
10155 117854
10155 142
10155 1789
10155 1869
10155 23028
10155 326
10155 56160
10155 7181
10155 8793
10856 1022
10856 1777
10856 2091
10856 2475
10856 25911
10856 26260
10856 3015
10856 3837
10856 51602
10856 5394
10856 5395
10856 55011
10856 57805
10856 6205
10856 80185
10856 9343
10856 9894
10951 1108
10951 11335
10951 25936
10951 3020
10951 5925
10951 6136
10951 8805
11335 1108
11335 1789
11335 1876
11335 54816
11335 6874
11335 8351
11335 9557
142 1059
142 2308
142 26168
142 3006
142 3551
142 3980
142 4691
142 5111
142 54386
142 55636
142 5591
142 5970
142 7341
142 7486
142 9918
1789 11244
1789 54935
1789 55284
1869 10626
1869 1786
1869 4194
1869 5036
1869 51433
1869 5245
1869 6670
1869 7157
1869 8841
1869 8900
23028 10989
23028 3066
326 5591
56160 4804
56160 493861
7181 1108
7181 6421
8793 23193
8793 4522
8793 5707
8793 8761
8793 8795
8793 8797
10168 7428
7428 231
7428 23406
7428 23473
7428 3309
7428 4735
7428 51504
7428 5217
7428 55611
7428 55662
7428 5584
7428 6311
7428 6599
7428 6667
7428 7520
7428 8994
7428 9631
2237 396
2237 890
2237 983
3005 3837
3005 3838
4998 115106
4998 4171
4998 4176
4998 6502
4998 81620
4998 8318
4998 990
5501 11035
5501 119710
5501 123169
5501 332
5501 4149
5501 4751
5501 5511
5501 6240
5501 672
5501 79411
5501 983
64061 1019
64061 9133
6502 675
6502 6929
6502 81620
6502 891
6502 991
672 1019
672 11073
672 1111
672 1660
672 2175
672 2177
672 3014
672 3066
672 31
672 3726
672 3838
672 5469
672 5888
672 675
672 7153
672 7283
672 7332
672 8295
672 83990
672 890
672 891
672 898
672 9656
672 983
7290 23523
7290 3017
7290 5976
7290 653604
7290 8349
7290 8363
8407 7398
8848 1063
8848 10985
8848 1642
8848 4430
8848 5093
8848 51495
8848 55215
8848 55705
8848 58505
8848 5985
8848 6748
8848 7178
8848 9688
9055 1062
9055 24137
9055 29127
9055 5347
9055 9493
9133 1163
9133 1164
9133 4171
9133 983
990 1019
990 23594
990 4171
990 4172
990 4176
990 55388
990 81620
990 890
990 991
993 10983
993 1111
993 3265
993 8888
993 891
993 983
1018 1027
1027 3841
1027 7337
1027 7525
1027 7532
1027 7533
1027 894
10181 2597
2597 10963
2597 11076
2597 1822
2597 5338
2597 55660
2597 6277
2597 65057
2597 6513
2597 6607
2597 867
10188 5062
5062 1186
5062 191
5062 1981
5062 328
5062 5879
5062 6147
5062 6194
5062 6714
5062 689
5062 7812
10189 10212
10189 3014
10189 408
10189 4116
10189 56257
10189 84444
10212 6280
10212 7014
10212 84324
3014 10525
3014 10935
3014 2140
3014 2177
3014 302
3014 332
3014 54617
3014 5478
3014 5496
3014 5499
3014 55872
3014 580
3014 5888
3014 6749
3014 7014
3014 79035
3014 79648
3014 80142
3014 8520
3014 9601
3014 9656
408 1234
408 144402
408 2268
408 23164
408 23246
408 3055
408 3309
408 409
408 53353
408 5434
408 728
408 84717
4116 54984
4116 654364
56257 1655
56257 27258
56257 3309
56257 3843
56257 4809
56257 51631
56257 5621
84444 9188
1019 27037
1019 332
1019 4082
1019 4171
1019 506
1019 51537
1019 5226
1019 6622
1019 7083
1019 79159
1019 8318
1019 8851
27037 5921
27037 8503
332 3619
332 55143
332 6790
332 9656
332 983
4082 1508
4082 4836
4082 801
4171 23594
4171 4174
4171 5347
4171 55388
4171 55832
4171 6119
4171 64785
4171 8363
4171 84289
506 10197
506 11102
506 26260
506 509
506 7083
506 8517
6622 2185
6622 23710
6622 5337
6622 5594
6622 57179
6622 7531
6622 9529
6622 9659
7083 10522
7083 11124
7083 1287
7083 23137
7083 255758
7083 26230
7083 2664
7083 4953
7083 51150
7083 51253
7083 5223
7083 54973
7083 55558
7083 63874
7083 7846
7083 79663
7083 983
7083 991
79159 6648
8318 23594
8318 4176
8318 55388
10190 1107
1107 11244
1107 28964
1107 3725
1107 4665
1107 51548
1107 55660
1107 5802
1107 604
1107 7518
1107 8467
1107 8880
1107 9905
10197 25764
102 2923
102 7039
2923 375790
2923 3914
2923 5351
2923 811
2923 9601
7039 9863
1020 1641
1020 5058
1020 51654
1020 6812
1641 65057
1641 8907
5058 1459
5058 4086
5058 8440
51654 56915
6812 320
6812 321
6812 4137
6812 4741
6812 4744
6812 7277
6812 8447
10204 24140
24140 2664
24140 3251
24140 5689
10207 5080
10207 57555
10207 64398
5080 1739
5080 5925
5080 9454
57555 1742
57555 9378
64398 382
10208 7341
7341 103
7341 10949
7341 11113
7341 11168
7341 22913
7341 23132
7341 23367
7341 23511
7341 27340
7341 28985
7341 29890
7341 3006
7341 3012
7341 3188
7341 3242
7341 387893
7341 3880
7341 4841
7341 488
7341 51567
7341 5230
7341 5426
7341 5476
7341 55922
7341 5787
7341 6128
7341 6238
7341 6256
7341 6299
7341 6513
7341 6996
7341 790
7341 79813
7341 84154
7341 8772
7341 9612
7341 9782
7341 9967
1021 3670
1021 7727
1021 9295
3670 5970
7727 54925
9295 6426
9295 6427
6280 10591
6280 23224
6280 26354
6280 27232
6280 3326
6280 5409
6280 57142
6280 6262
6280 6279
6280 6500
6280 7466
6280 840
6280 8453
7014 10273
7014 10294
7014 10935
7014 124245
7014 140733
7014 221400
7014 253959
7014 2958
7014 3419
7014 3838
7014 3996
7014 4651
7014 5093
7014 51574
7014 5757
7014 7520
7014 79648
7014 79665
7014 79856
7014 80153
7014 80198
84324 2521
10213 5683
10213 5707
10213 5713
10213 5718
5683 27339
5683 29978
5683 51141
5683 5684
5683 5688
5683 5693
5683 5713
5683 5714
5683 5717
5683 7203
5683 84262
5707 23411
5707 3106
5707 5743
5707 7534
5713 11047
5713 5055
5713 5687
5713 5688
5713 5706
5713 6517
5718 10868
5718 654364
1022 2968
1022 57805
10224 604
604 11016
604 1879
604 2051
604 2846
604 29789
604 51564
604 55813
604 60468
604 6608
604 8613
604 862
604 9170
604 9734
10235 51564
51564 1647
51564 1909
51564 255877
51564 26119
51564 30817
51564 4208
51564 4750
51564 5587
51564 6773
51564 687
51564 9612
3276 1660
3276 3609
3276 5723
3276 8091
3276 8363
3276 8648
54487 1660
54487 3609
54487 4691
55832 10973
55832 11052
55832 11103
55832 1201
55832 1213
55832 1503
55832 1660
55832 170506
55832 2197
55832 22913
55832 23196
55832 23234
55832 26135
55832 26156
55832 27044
55832 29777
55832 29997
55832 3012
55832 3183
55832 3836
55832 3838
55832 4686
55832 4736
55832 51495
55832 54431
55832 56829
55832 5935
55832 6134
55832 6137
55832 6157
55832 6160
55832 6164
55832 6168
55832 6181
55832 6189
55832 6194
55832 6203
55832 6204
55832 6222
55832 6227
55832 6230
55832 6434
55832 6748
55832 6780
55832 7073
55832 7314
55832 7629
55832 79171
55832 79598
55832 8270
55832 8330
55832 84545
55832 84669
55832 8566
55832 8894
55832 8939
55832 9409
55832 9958
10238 7534
7534 10413
7534 10987
7534 11001
7534 147700
7534 1915
7534 1938
7534 1965
7534 2261
7534 2309
7534 23677
7534 25873
7534 25962
7534 26986
7534 3309
7534 3320
7534 375484
7534 3842
7534 50855
7534 51306
7534 5339
7534 54206
7534 5578
7534 5607
7534 57522
7534 58517
7534 6124
7534 6129
7534 6132
7534 6139
7534 65268
7534 6741
7534 6924
7534 7163
7534 7465
7534 84962
7534 8664
7534 8666
7534 8667
7534 9240
7534 92840
7534 9476
1024 9968
9968 1130
9968 23091
9968 23097
9968 6720
9968 9440
9968 9442
9968 9969
10241 11201
10241 112858
10241 284058
10241 553115
10241 55861
10241 6118
10241 80028
10241 84557
10241 8887
112858 7157
112858 8270
284058 11007
6118 1982
6118 22933
6118 2965
6118 4172
6118 51150
6118 55159
6118 5557
6118 5888
6118 7280
6118 7507
6118 983
84557 23102
84557 4077
84557 4943
84557 9817
1025 22936
1025 22948
1025 26747
1025 3306
1025 3572
1025 6774
22936 4300
22936 8573
22948 29110
3306 29970
3306 4215
3572 202333
3572 3055
3572 3716
3572 3977
3572 5294
3572 5580
3572 6774
3572 9021
3572 9180
6774 1439
6774 1441
6774 168544
6774 2242
6774 3055
6774 388585
6774 5156
6774 55250
6774 5979
6774 6776
6774 6777
10250 11054
10250 22826
10250 23524
10250 4849
10250 6421
10250 6427
10250 6428
10250 6429
10250 6636
10250 6732
10250 9410
10250 9939
23524 3187
23524 4637
23524 51755
23524 5411
23524 56852
23524 6421
23524 6599
23524 6632
23524 6636
23524 79009
23524 9343
23524 989
23524 9939
6421 11193
6421 11338
6421 140890
6421 1457
6421 2521
6421 6625
6427 3066
6427 51755
6427 6426
6427 6625
6427 6732
6427 7307
6427 8454
6427 9406
6428 6733
6428 8454
6429 6732
6636 23658
6636 25929
6636 6607
6636 6633
6636 6635
6636 79084
6732 55646
6732 7153
6732 7307
6732 9667
9410 5914
9410 780
9410 8450
9410 9128
9410 9343
10252 5055
10252 7528
5055 1954
5055 23326
5055 375790
5055 4147
5055 55072
5055 56943
5055 5700
5055 5706
5055 5925
5055 88
5055 9240
7528 10445
7528 125476
7528 2287
7528 6929
7528 8841
10253 2885
10253 5781
10253 6453
10253 867
2885 11154
2885 152503
2885 1795
2885 2017
2885 25759
2885 266812
2885 399687
2885 51085
2885 5338
2885 54532
2885 5530
2885 5777
2885 5781
2885 610
2885 64714
2885 6853
2885 8358
2885 8529
2885 9101
2885 9112
2885 9229
2885 92799
2885 930
5781 2549
5781 3192
5781 5595
5781 5777
5781 613
5781 780
5781 80739
5781 8660
6453 1759
6453 22841
6453 23414
6453 23647
6453 26064
6453 51729
6453 57514
6453 8301
6453 84251
6453 867
6453 8867
6453 8871
6453 9229
6453 9873
867 2047
867 2209
867 2268
867 2321
867 2533
867 26130
867 3636
867 50618
867 5290
867 5777
867 5788
867 6654
867 7532
867 930
10254 2060
10254 26994
2060 115548
2060 161
2060 23111
2060 25843
2060 26994
2060 29924
2060 3267
2060 7805
2060 8867
2060 9892
26994 10477
26994 23163
26994 26088
26994 29978
26994 5788
26994 6386
26994 6625
26994 7311
26994 7321
26994 8078
26994 9372
1026 10912
1026 6500
10912 3066
6500 10980
6500 26043
6500 54455
6500 79176
10260 7532
7532 11214
7532 11228
7532 11346
7532 203068
7532 2308
7532 23136
7532 23191
7532 25937
7532 26056
7532 26064
7532 27237
7532 3777
7532 4215
7532 4628
7532 51306
7532 5289
7532 5411
7532 64784
7532 7533
7532 8500
7532 8729
7532 90102
7532 9253
7532 9459
7532 9815
7532 984
10285 10946
10285 23450
10285 6627
7337 283820
7337 29979
7337 580
7337 5887
7337 6941
7337 801
7337 84461
7525 999
7533 1454
7533 2099
7533 23191
7533 85440
7533 91833
894 7249
10270 6871
6871 3609
6871 4686
6871 5469
6871 55269
6871 6426
6871 6626
10273 1956
10273 196
10273 23317
10273 4354
10273 6794
10273 9093
1956 11345
1956 1778
1956 1950
1956 25843
1956 27
1956 2810
1956 2887
1956 30837
1956 3226
1956 3872
1956 3958
1956 5566
1956 5787
1956 6643
1956 7277
1956 7295
1956 8218
1956 8357
1956 8470
1956 9368
1956 9782
196 2962
196 4094
196 8648
23317 27330
23317 2932
6794 11140
6794 150094
9093 3717
9093 4790
9093 4791
9093 4914
9093 7874
10276 6303
6303 1459
6303 2661
6303 51669
6303 65991
10278 1130
10278 79090
1130 2101
1130 25925
10284 2010
10284 22985
10284 7529
2010 1108
2010 29079
2010 64395
2010 7529
2010 79595
22985 1457
7529 10921
7529 2036
7529 24148
7529 409
7529 4217
7529 5140
7529 7248
7529 7351
7529 84612
7529 9759
10946 10291
10946 11193
10946 140890
10946 6627
10946 6929
10946 7307
23450 10921
23450 2059
6627 1787
6627 4686
6627 8175
10286 988
988 23506
988 26036
988 351
988 4172
988 5511
988 801
988 805
988 9689
988 9833
10287 2781
10287 4914
10287 4987
4914 4613
4914 5787
4914 857
10288 2209
10288 7474
2209 2214
2209 3055
2209 3937
7474 2535
7474 4920
7474 7855
7474 8321
38 10987
7879 5869
7879 5876
1029 115106
1029 4548
1029 5001
1029 7150
115106 55388
115106 81620
5001 4176
7150 23054
10291 382
382 10640
382 1131
382 26088
382 26269
382 51138
382 5337
382 54919
382 7323
10293 1540
10293 22933
1540 23586
1540 7846
22933 369
22933 5347
22933 675
22933 8289
22933 8352
22933 8405
22933 991
10294 192670
192670 10728
192670 1468
192670 292
192670 3326
192670 509
192670 5805
10295 2059
2059 10458
2059 10999
2059 1460
2059 26258
2059 2920
2059 79634
2059 81631
10298 54815
54815 5931
54815 6657
54815 8294
54815 8850
1030 7041
7041 3315
7041 3676
7041 6840
7041 7414
7041 8900
7041 9618
7041 9815
1031 57120
57120 10675
57120 5970
10318 5594
10318 900
5594 1846
5594 2077
5594 5527
5594 5599
5594 6340
5594 7050
5594 8360
5594 8367
5594 8870
5594 8986
5594 9972
10319 308
10319 54566
308 1300
308 3693
308 54386
1033 983
983 10600
983 10615
983 1104
983 1163
983 1164
983 1854
983 1894
983 2175
983 2176
983 2189
983 2810
983 29127
983 3619
983 3832
983 4001
983 55165
983 55872
983 56924
983 6241
983 699
983 7153
983 81565
983 81620
983 890
983 891
983 9088
983 9585
7097 23643
7097 7096
7097 7852
7097 929
10335 3708
10335 5592
10335 7414
3708 23071
3708 2911
3708 392
3708 5592
3708 7222
3708 7223
3708 85450
3708 8654
3708 90627
5592 1397
5592 4881
5592 5997
5592 659
5592 6696
5592 7414
5592 8654
7414 2934
7414 387
7414 5310
7414 6383
7414 6401
7414 7094
7414 7220
7414 7223
7414 7225
7414 7415
7414 7846
7414 87
10342 6777
6777 2057
6777 5914
10346 7874
7874 10921
7874 1616
7874 1788
7874 3872
7874 4928
7874 51547
7874 5971
7874 65057
7874 6730
7874 7187
7874 7188
7874 79184
7874 81603
7874 84699
7874 84759
7874 9618
10363 3241
10363 4089
4089 23551
4089 323
4089 4087
4089 4093
4089 4194
4089 58486
4089 9063
10376 54617
10376 5829
10376 7283
54617 29844
54617 51377
5829 1213
5829 2549
5829 4145
5829 51807
5829 7283
5829 81565
7283 27185
7283 27229
7283 29127
7283 440574
7283 5116
7283 51512
7283 5347
7283 55165
7283 898
10379 3455
10379 6772
10379 6773
3455 3454
3455 6772
3455 6773
6772 1230
6772 1234
6772 1439
6772 3560
6772 3561
6772 3717
6772 4192
6772 5610
6773 1827
6773 3717
6773 7852
10382 409
10382 8517
10382 8874
10382 9020
409 1063
409 10728
409 2512
409 3183
409 3188
409 3609
409 440275
409 4841
409 55661
409 6389
409 6714
409 7112
409 83737
409 8614
409 8904
8517 2322
8517 257397
8517 3654
8517 51533
8517 5431
8517 7323
8517 84126
8874 8751
9020 4791
9020 5394
9020 6124
9020 7186
9020 8737
8450 2026
8450 23348
8450 3188
8450 51514
8450 55626
8450 6176
8450 81620
8450 8237
1039 445
445 2006
10397 3646
10397 6224
3646 5706
3646 8662
3646 8667
3646 8669
3646 8733
3646 9318
6224 10987
6224 51678
6224 5885
10398 4627
4627 4215
4627 4628
4627 4791
4627 6286
4627 7852
4627 9332
121504 26013
121504 2647
121504 3020
121504 57658
121504 80854
121504 8338
121504 8358
121504 9869
1759 23677
1759 25932
1759 273
1759 8554
3688 11117
3688 1277
3688 1462
3688 2192
3688 22801
3688 2324
3688 2335
3688 23371
3688 3339
3688 3672
3688 3676
3688 3678
3688 3956
3688 3959
3688 4313
3688 51129
3688 51454
3688 51762
3688 5329
3688 5581
3688 56899
3688 57111
3688 6696
3688 7077
3688 7094
3688 7106
3688 7412
3688 7846
3688 8515
3688 87
3688 9270
3688 9448
3688 948
6857 4087
7297 1785
7297 5578
10401 25782
10401 2672
10401 2752
10401 5499
25782 10521
25782 118460
25782 1655
25782 3214
25782 4435
25782 4773
25782 5705
25782 8061
25782 8356
25782 9794
25782 999
5499 10421
5499 10765
5499 161742
5499 163882
5499 1911
5499 23228
5499 23248
5499 26092
5499 27107
5499 58
5499 60672
5499 63971
5499 65125
5499 7157
5499 7159
5499 8175
5499 8312
5499 84365
5499 84919
5499 9611
5499 9663
5499 999
10403 51421
10403 5701
51421 9513
5701 9097
5701 91445
10411 146850
10411 22800
22800 2889
10413 22898
10413 23558
10413 2657
10413 4092
10413 8463
23558 11059
23558 55964
2657 11059
2657 64750
4092 64750
6628 1660
6628 27336
6628 3795
6628 79760
6628 8940
6628 9733
8363 1104
8363 3015
8363 55140
8363 55355
8363 6749
8363 8148
8363 8352
8363 84787
8363 8850
8363 9734
10420 1072
1072 5338
1072 60
10421 1457
10421 8175
10421 8815
10421 9491
1457 10528
1457 10772
1457 11052
1457 1108
1457 22803
1457 23076
1457 2956
1457 2997
1457 3181
1457 3297
1457 51602
1457 54926
1457 5591
1457 57448
1457 6625
1457 7184
1457 7465
1457 84524
1457 8667
1457 92140
1457 9221
1457 9318
1457 9790
1457 994
8175 10921
8175 124245
8175 27339
8175 29105
8175 29115
8175 58517
8175 6629
8175 9092
8815 126299
8815 1642
8815 5977
8815 9219
10422 28985
10425 4193
10425 51533
10425 7324
4193 1488
4193 28996
4193 51533
4193 55967
4193 5789
4193 6728
4193 7468
51533 80196
7324 26001
7324 27246
7324 54623
7324 55611
7324 6045
7324 80263
10435 998
998 11161
998 114793
998 149428
998 2108
998 23092
998 4294
998 4860
998 54206
998 56882
998 6767
998 836
10438 9611
9611 10587
9611 51082
9611 5757
9611 8370
9611 8820
9611 9318
10444 6921
10444 8453
6921 10513
6921 10987
6921 2132
6921 6924
8453 10935
8453 1154
8453 23197
8453 25940
8453 292
8453 302
8453 3326
8453 3853
8453 3858
8453 3868
8453 4172
8453 4925
8453 53635
8453 55178
8453 6144
8453 6152
8453 6432
8453 7073
8453 7321
8453 79153
8453 79595
8453 79735
8453 8731
8453 8878
8453 9045
10445 125476
10445 2091
10445 79036
2091 10528
2091 23178
2091 4691
2091 6607
2091 708
2091 81027
2091 8607
79036 55813
79036 8676
10451 387
10451 5335
10451 6098
10451 7791
387 128272
387 23463
387 25791
387 392
387 4087
387 51291
387 5335
387 5566
387 6185
387 85415
387 875
387 9600
5335 1796
5335 23394
5335 3980
5335 50807
5335 6714
5335 8525
7791 2199
7791 2335
7791 27131
7791 5479
7791 6310
7791 87
7791 9501
7791 9564
10454 3308
10454 7186
10454 801
10454 805
10454 9589
3308 10963
3308 118429
3308 23640
3308 4287
3308 5500
3308 5562
3308 63922
3308 7099
3308 801
3308 80331
3308 8841
3308 9529
3308 9555
3308 9643
3308 9894
7186 26003
7186 26150
7186 27125
7186 5585
7186 64943
7186 7293
7186 83707
7186 89885
7186 9349
7186 943
801 10600
801 10933
801 119
801 2104
801 23523
801 23759
801 26268
801 27130
801 29966
801 4284
801 4646
801 4794
801 54014
801 5534
801 55503
801 5887
801 5899
801 6001
801 6208
801 6927
801 805
801 9782
805 10600
805 11035
805 23523
805 23643
805 26268
805 27130
805 29966
805 3783
805 4077
805 4214
805 4284
805 5534
805 58533
805 5899
805 6001
805 6146
805 8242
10456 8665
8665 10480
8665 1915
8665 23097
8665 27335
8665 8666
8665 8672
8665 8900
10457 50618
50618 2804
50618 356
50618 4154
50618 6654
50618 6867
50618 7110
50618 8491
50618 9135
50618 9873
10459 8751
10459 8754
8751 4067
8751 4085
8754 3675
8754 51100
8754 5580
10461 3693
10461 659
10461 7409
3693 1601
3693 23022
3693 23371
3693 3491
3693 3678
3693 4052
3693 4054
3693 7094
659 10468
659 220388
659 23203
659 331
659 392255
659 4046
7409 1794
7409 3055
7409 3717
7409 51808
7409 836
10465 9128
9128 25804
9128 51690
9128 6426
9128 9733
10467 1460
1460 10921
1460 5565
1460 5624
1460 7329
10468 11167
10468 2335
10468 3624
10468 7295
10468 8038
11167 2817
11167 3624
11167 7040
11167 929
2335 1277
2335 1278
2335 1292
2335 1311
2335 1490
2335 1634
2335 2162
2335 2192
2335 2199
2335 6383
2335 6678
2335 7057
3624 90
7295 1277
7295 4689
7295 7001
10471 9825
9825 1854
9825 5203
10475 8737
8737 10616
8737 2263
10477 27246
10477 6045
10477 79718
6045 22955
6045 23429
6045 80012
6045 8338
6045 8364
6045 8366
6045 8367
6045 83746
79718 8841
10480 4831
4831 4830
4831 57142
4831 5886
4831 5931
4831 6169
4831 6217
4831 6223
10482 10987
10482 29107
10482 29896
10482 8480
10987 10940
10987 11100
10987 11236
10987 11338
10987 115708
10987 151230
10987 1965
10987 22803
10987 22827
10987 23403
10987 23645
10987 25841
10987 26094
10987 26471
10987 26986
10987 27067
10987 27161
10987 286077
10987 29088
10987 2920
10987 29894
10987 29896
10987 3174
10987 3320
10987 3551
10987 3727
10987 388697
10987 51649
10987 54798
10987 5591
10987 5636
10987 5743
10987 5883
10987 5936
10987 6129
10987 6132
10987 6156
10987 6741
10987 7184
10987 7345
10987 740
10987 83743
10987 85016
10987 91875
10987 9275
10987 9684
10987 9886
29896 10772
10483 9871
9871 10484
9871 8543
10484 2589
10488 4783
10488 587
4783 2273
10492 7812
10494 5518
5518 29888
5518 5536
5518 7157
5518 80789
5518 9857
10497 22999
10497 8447
22999 23085
22999 5864
22999 5873
22999 9545
10498 10847
10498 6602
10498 6605
10498 8312
10498 8648
10847 2033
6602 4830
6602 6598
6602 6603
6602 722
6605 23043
6605 25855
6605 3066
6605 8648
8312 10813
8312 3728
8312 4005
8312 6497
8312 6498
8312 7157
8312 9499
8648 1387
8648 2063
8648 2099
8648 5241
8648 5915
8648 6095
8648 7068
8648 7157
8648 7332
8648 79447
8648 8850
10499 10587
10499 1655
10499 1749
10499 29110
10499 3800
10499 51366
10499 88
1655 10521
1655 3187
1655 5747
1655 7185
29110 27161
29110 7124
29110 9821
3800 23136
3800 3798
3800 3831
3800 5903
51366 1052
51366 26986
51366 6714
51366 6917
88 1739
88 2904
88 6401
88 7982
88 89
1050 171023
1050 30812
1050 4800
1050 708
708 3551
708 4323
708 4801
708 5587
708 712
708 8161
1051 1958
1051 2308
1051 3190
1051 4602
1051 5915
1051 5970
1051 6599
1051 9454
1051 9734
1958 1387
2308 2099
2308 5371
3190 8440
4602 27253
4602 28996
4602 51701
4602 6383
5915 23090
5915 4135
5915 8202
5915 8668
5970 10524
5970 10973
5970 1459
5970 150684
5970 23054
5970 23421
5970 3006
5970 4869
5970 5111
5970 8091
6599 196528
6599 2175
6599 55193
6599 6601
6599 6657
6599 8289
9454 6261
9454 7220
9734 1490
9734 2000
9734 4205
9734 4208
9734 7704
9734 9441
9734 9757
10513 113655
10513 23212
113655 4188
10514 10528
10514 25885
10514 4691
10514 6606
10514 8161
10528 10642
10528 11338
10528 4691
10528 51602
10528 55131
10528 55646
10528 81027
10528 9221
25885 10849
25885 1477
25885 6749
25885 84172
25885 9221
4691 23076
4691 23636
4691 7157
4691 8349
6606 1059
6606 23309
6606 51602
6606 54433
6606 54920
6606 6129
6606 6625
6606 6634
6606 7345
6606 79760
6606 79833
6606 9013
8161 51547
8161 79571
8161 87
10516 2006
10516 2200
10516 30008
10516 4016
10516 4053
2006 1634
2006 2192
2006 2199
2006 2200
2006 2201
2006 22795
2006 30008
2006 4015
2006 4016
2006 4237
2006 633
2200 1462
2200 1634
2200 2199
2200 2201
2200 30008
2200 3339
2200 388
2200 4015
2200 4052
2200 4237
2200 8076
30008 11170
30008 1295
30008 3087
30008 358
30008 3603
30008 4015
30008 54557
30008 55367
30008 57088
30008 6310
30008 773
30008 79843
10519 5747
5747 10580
5747 1785
5747 50807
5747 55422
5747 5879
5747 6714
5747 7205
5747 7430
5747 8835
5747 9821
1052 79711
79711 11156
79711 8351
10521 3187
10521 4738
3187 10658
4738 114781
4738 150678
4738 23112
4738 3093
4738 3849
4738 51138
4738 5687
4738 6612
4738 6709
4738 6711
4738 6907
4738 7322
4738 80311
4738 80344
4738 8370
4738 840
4738 84309
4738 9730
4738 9978
10522 4055
4055 4050
10524 10574
10524 351
10524 4729
10524 5308
10524 7157
10524 8364
10524 9001
10574 10534
10574 1937
10574 387082
10574 55054
10574 5908
10574 6950
351 1191
351 27242
351 334
351 375790
351 5653
5308 4904
5308 9326
7157 152006
7157 1612
7157 204851
7157 23429
7157 2932
7157 328
7157 350
7157 3840
7157 4190
7157 5050
7157 55167
7157 55611
7157 55904
7157 5702
7157 5717
7157 6598
7157 6790
7157 7068
7157 7296
7157 7353
7157 7531
7157 7707
7157 79447
7157 80204
7157 823
7157 84447
7157 8894
7157 9013
7157 9100
7157 9397
7157 9988
8364 26013
8364 29117
8364 3020
8364 3622
8364 55167
8364 57459
8364 5926
8364 7531
8364 8338
8364 8349
8364 8355
8364 8356
8364 8358
8364 8479
8364 8968
9001 28964
9001 3163
9001 7138
10525 5223
5223 1270
5223 310
10527 3837
10527 8717
3837 1104
3837 1434
3837 22974
3837 23636
3837 25909
3837 4928
3837 5395
3837 57122
3837 5902
3837 8607
3837 8717
3837 9156
3837 9972
8717 55210
8717 5591
8717 790
10642 8454
11338 22827
11338 3108
11338 55145
11338 6426
11338 6733
11338 79869
51602 29970
55646 10969
55646 11100
55646 11344
55646 23076
55646 23560
55646 27339
55646 79039
55646 79081
55646 84298
55646 8668
55646 9188
81027 114803
10533 23710
10533 3660
23710 135112
23710 55054
23710 8408
23710 8508
23710 9895
23710 9910
3660 3607
3660 5530
10534 151254
151254 11007
10537 51667
10537 5702
51667 1315
1054 22809
22809 2550
22809 9815
10542 23095
10542 9737
23095 10755
9737 1129
9737 1132
9737 2149
9737 2911
9737 3363
9737 5021
9737 55700
10544 5624
5624 1356
5624 5104
10548 4311
10548 6949
4311 4522
4311 7402
51547 1459
51547 1778
51547 23499
51547 25926
51547 26574
51547 3066
51547 4478
51547 471
51547 4928
51547 5230
51547 5550
51547 55660
51547 55813
51547 56252
51547 57062
51547 57680
51547 5931
51547 6133
51547 65095
51547 6730
51547 84154
51547 84365
51547 85456
51547 8888
51547 90957
51547 9520
10550 1234
10550 6505
10550 7515
1234 157
1234 3717
1234 6352
1234 729230
1234 920
7515 1459
7515 3980
7515 79661
10551 4583
4583 4292
10553 2113
2113 221061
2113 22990
2113 4094
2113 4211
2113 4741
2113 815
2113 85012
2113 9353
2113 9900
10555 64241
64241 3164
64241 64240
10557 10775
10557 1398
1398 10922
1398 11184
1398 11217
1398 1785
1398 2213
1398 23114
1398 23136
1398 2334
1398 23624
1398 2690
1398 356
1398 56138
1398 56139
1398 56141
1398 56142
1398 56143
1398 56145
1398 56146
1398 58512
1398 6654
1398 7159
1398 9228
1398 9749
10563 2247
2247 2260
2247 3339
2247 5806
10564 26292
10564 5577
26292 54984
26292 55701
10565 11156
11156 10598
11156 10845
11156 2339
11156 2686
11156 5111
11156 51606
11156 54919
11156 5723
11156 60682
11156 6520
11156 6747
11156 9675
10567 7905
7905 55738
7905 5869
10570 56896
56896 1809
56896 2242
10572 6885
6885 2289
6885 331
6885 5037
6885 5610
6885 7124
6885 7444
6885 84433
6885 9479
1937 1933
1937 1936
1937 3035
1937 51608
1937 5717
1937 57332
1937 5775
1937 6234
1937 6498
1937 79676
387082 2936
387082 30968
387082 50
387082 5050
387082 51493
387082 51726
387082 5245
387082 7001
387082 7020
387082 7284
387082 7852
387082 8841
55054 8139
5908 5566
5908 5900
5908 83593
5908 9757
6950 10575
6950 10576
6950 10694
6950 5531
6950 991
10575 146845
10576 11035
10576 5521
10576 6801
10576 6929
10576 8428
11035 113457
11035 5250
11035 55970
11035 790
11035 81030
11035 8772
5521 7203
6929 1468
6929 1786
6929 26284
6929 51253
6929 54927
6929 5715
6929 6147
6929 6294
6929 6657
6929 7867
8428 3189
8428 5519
2491 79172
55355 3703
55839 79172
6015 7153
64105 64946
79172 23421
79172 401541
79172 57082
79172 64946
79801 25862
9493 1894
9493 29127
9493 5347
9493 9101
10580 1785
10580 6714
1785 29763
1785 3055
6714 1605
6714 2114
6714 225689
6714 22839
6714 22941
6714 23054
6714 26469
6714 27043
6714 2887
6714 2903
6714 2904
6714 302
6714 3174
6714 3551
6714 3980
6714 4486
6714 4836
6714 5029
6714 50807
6714 5566
6714 5581
6714 57148
6714 5770
6714 5786
6714 64759
6714 6927
6714 7185
6714 83737
6714 84632
6714 8525
6714 858
6714 8826
6714 9472
1059 5300
5300 1459
5300 226
5300 5292
5300 55201
5300 55294
5300 7311
5300 8666
10598 10783
10598 1936
10598 3320
10783 51495
10783 55215
10783 8243
10783 9126
1936 5700
1936 5885
1936 7184
3320 10980
3320 1147
3320 1452
3320 3280
3320 3551
3320 3725
3320 4168
3320 5580
3320 5885
3320 64754
3320 79577
1060 1616
1060 9656
1616 1613
1616 3066
1616 8626
9656 2033
9656 5888
9656 7158
9656 7486
9656 8243
9656 891
9656 8924
9656 991
9656 996
10600 53635
10602 23433
10602 989
23433 23580
23433 7454
23433 81704
989 5413
989 55752
10606 4163
10606 5571
10606 60491
10606 6446
10606 7077
10606 8900
4163 115207
4163 2098
4163 2273
4163 25932
4163 4215
4163 4628
4163 5682
4163 5691
4163 6648
4163 7169
4163 7415
4163 8900
4163 9141
4163 9255
5571 2288
60491 10982
60491 22934
60491 4830
60491 55068
60491 79077
60491 92610
6446 513
6446 65268
6446 673
7077 4313
7077 4323
7077 6623
8900 23185
8900 2806
8900 30968
8900 39
8900 5241
8900 6925
8900 7284
10609 6517
10611 2022
10611 5581
10611 56658
10611 60
10611 87
2022 2775
2022 7040
2022 90
5581 25780
5581 291
5581 3099
5581 5170
5581 5587
5581 673
5581 7074
5581 7442
56658 7322
56658 80019
60 1073
60 10933
60 1265
60 137735
60 1490
60 2275
60 25802
60 25932
60 2934
60 4131
60 4323
60 4643
60 4688
60 5764
60 6882
60 7168
60 7430
60 80725
60 83988
60 8655
60 9564
87 1465
87 23022
87 4026
87 4130
87 4131
87 5245
87 773
87 7846
87 815
87 9253
87 9815
10613 7189
7189 10963
7189 1964
7189 23495
7189 27101
7189 29085
7189 4253
7189 5550
7189 56957
7189 7098
10614 51574
10616 7706
7706 7334
10617 128866
10617 5119
10617 51652
10617 6687
128866 148362
5119 27183
5119 7329
51652 4090
6687 22913
6687 4188
1062 1063
1062 220134
1062 83540
1063 55746
1063 57122
220134 147841
220134 221150
220134 79003
83540 11130
83540 6790
83540 699
83540 8526
10621 55183
10621 7327
55183 5201
55183 55512
7327 10767
7327 118424
7327 79102
10623 2976
2976 9330
10629 8850
8850 122953
8850 2115
8850 3191
8850 3665
8850 4087
8850 5241
8850 7291
55746 25909
55746 4928
55746 57122
57122 23279
57122 25909
57122 4928
57122 79023
57122 79902
57122 9688
10635 64854
64854 9867
10640 57180
57180 5709
8454 170691
8454 23517
8454 3066
8454 4355
8454 4792
8454 5092
8454 5424
8454 5686
8454 6631
8454 6742
8454 79866
8454 808
8454 8451
8454 898
10645 10985
10645 11260
10645 5591
11260 23039
11260 7132
5591 3297
5591 3551
5591 4683
5591 5111
5591 5395
5591 55291
5591 5537
5591 5885
5591 7486
5591 84148
5591 9557
5591 9675
10652 51272
51272 1314
51272 92344
10657 6638
10657 8600
10657 8935
6638 25998
8935 2533
8935 3055
8935 356
10661 6601
6601 196528
6601 54386
6601 9901
10664 6612
10664 94086
6612 1382
6612 23186
6612 29761
6612 30011
6612 3861
6612 8554
6612 9134
10667 9908
6004 2771
7852 3716
7852 3717
7852 5788
7852 6387
7852 9021
7852 920
10681 54331
10681 5662
10681 5710
10681 665
54331 59345
54331 64857
54331 8912
5662 9535
5710 3397
5710 50813
5710 54467
5710 5695
5710 7311
665 8573
10691 26205
10691 79753
79753 11124
79753 6996
10713 11017
10713 200916
10713 57062
57062 10921
57062 28964
57062 51073
10714 1786
1786 1111
1786 2146
1786 23512
1786 29128
1786 6839
1786 9219
5338 1445
5347 1894
5347 259266
5347 26271
5347 283373
5347 29127
5347 51512
5347 54821
5347 55165
5347 55658
5347 5887
5347 63967
5347 6790
5347 699
5347 7158
5347 79077
5347 80304
5347 891
5347 9088
10728 23607
10728 3326
23607 30011
23607 70
3326 3939
3326 7138
3326 7182
1073 4215
4215 10788
4215 1827
4215 23164
4215 23603
4215 26064
4215 2771
4215 4628
4215 4637
4215 4640
4215 4641
4215 5351
4215 55075
4215 57154
4215 5837
4215 6925
4215 7415
4215 7450
4215 7846
4215 8294
4215 84617
4215 9919
10733 30851
10733 55869
55869 154881
55869 8351
10743 84838
84838 23338
84838 64324
10746 331
331 54739
331 6477
331 8237
10755 4035
10755 50628
10755 54910
4035 1601
4035 1718
4035 1742
4035 321
4035 4322
4035 5054
4035 55022
4035 7057
50628 3956
50628 54433
50628 6633
50628 79833
54910 1739
54910 1740
54910 1742
10762 9670
10762 9972
9972 1432
9972 23039
9972 3842
9972 7514
10765 2303
10765 55589
10765 57492
10765 8932
10765 9219
57492 2023
57492 6594
9219 11315
9219 2961
9219 3066
9219 5116
9219 6657
9219 9690
10771 2145
10771 7188
7188 27018
7188 51567
7188 55504
55215 2177
55215 22909
8243 4436
8243 580
8243 9126
9126 23063
9126 26146
10797 440574
440574 10844
440574 10989
440574 54927
440574 55735
440574 65260
1080 10869
1080 5576
1080 5578
1080 9170
10869 58477
10869 7375
10869 8801
5578 1965
5578 3691
5578 5208
5578 5894
5578 596
5578 8525
5578 921
5578 9266
5578 928
5578 9463
10807 51186
51186 8237
10814 6804
6804 10815
6804 3745
6804 6529
6804 6616
6804 6845
6804 6855
10815 6616
6616 114088
6616 3745
6616 6845
6616 8676
1084 6279
6279 1762
6279 7392
10844 5116
5116 4904
5116 55165
5116 9738
2033 121441
2033 133418
2033 133746
2033 26259
2033 28996
2033 3192
2033 3217
2033 3219
2033 4090
2033 4361
2033 4673
2033 51082
2033 51621
2033 5966
2033 6256
2033 64129
2033 6595
2033 6667
2033 6721
2033 7158
2033 7849
2033 8349
2033 8462
2033 8626
2033 8925
2033 904
2033 9612
10849 6749
6749 1660
6749 253714
6749 4173
6749 5394
6749 55718
6749 5573
2475 5036
2475 6009
2475 7015
2475 84335
2475 8607
26260 4646
3015 8089
5394 23435
5394 23517
5394 79586
5394 83706
5395 1642
5395 4436
5395 55210
5395 8607
55011 81628
6205 26168
6205 54984
9343 1676
9343 26015
10857 9474
9474 5110
9474 6122
10859 3135
10859 567
3135 3824
3135 567
3135 6890
3135 6891
3135 925
567 3077
567 3105
567 3106
567 3107
567 3133
567 3134
567 6890
567 912
567 925
10863 3676
3676 1462
3676 3732
10868 27005
10868 808
27005 9181
808 23770
808 4077
808 4760
808 4904
808 54984
808 5898
808 6285
808 818
808 8878
808 898
7375 51701
7375 5925
8801 1762
10885 57602
57602 134430
57602 51096
57602 5496
57602 6648
57602 7866
57602 79902
10890 4218
4218 7037
10891 6430
6430 4087
10900 5906
5906 22821
5906 355
5906 5147
5906 54518
5906 9138
10902 10933
10902 8295
10933 4000
10933 54799
10933 6925
10933 7846
10933 79728
10933 8291
10933 94239
8295 5469
8295 57634
8295 8464
10905 6667
6667 11168
6667 140465
6667 4643
6667 5371
6667 57584
6667 5966
6667 9612
10910 114548
10910 6277
114548 22900
3066 11315
3066 1874
3066 1911
3066 23492
3066 3207
3066 4790
3066 4792
3066 5036
3066 51645
3066 5434
3066 5436
3066 6335
3066 6657
3066 675
3066 6839
3066 8536
3066 8726
10914 7531
7531 171568
7531 253260
7531 25776
7531 4194
7531 4214
7531 492
7531 50852
7531 5562
7531 5923
7531 5994
7531 8355
7531 8358
7531 8367
7531 9874
11052 322
11052 8440
118429 3303
118429 3304
147179 322
4189 55312
4869 26168
4869 2771
4869 3275
4869 4839
4869 5610
4869 9464
6426 23076
6426 51755
6426 7307
6607 11171
6607 114823
6607 1915
6607 22993
6607 4841
6607 60492
6607 6128
6607 6187
6607 6632
6607 6635
6607 7704
6607 80308
6607 84942
7536 8148
7536 84991
10919 653604
10919 80764
10919 84708
653604 23054
653604 4000
653604 5929
653604 9739
80764 8841
84708 8650
10920 9318
9318 29894
9318 3394
10921 11051
10921 124245
10921 221472
10921 6626
10921 6733
10921 7307
10921 80232
10921 984
11051 1104
11051 5432
11051 5831
11051 79869
11051 8726
6626 471
6626 5496
6626 79002
6733 6431
6733 6625
80232 26043
984 4478
984 81669
10922 80351
80351 29086
80351 9859
10923 5978
4172 8888
10928 55333
10928 5898
10928 8772
5898 5337
5898 595
8772 25843
4000 23345
4000 55257
4000 5837
4000 839
6925 2119
6925 2274
6925 2313
6925 3716
6925 3717
6925 4066
6925 4478
6925 5241
6925 5371
6925 595
6925 5962
6925 6886
6925 7023
6925 79728
6925 862
6925 9242
6925 9448
7846 2263
7846 23111
7846 4137
7846 4792
7846 5048
7846 51762
7846 7094
7846 7941
8291 202333
8291 2318
8291 25939
8291 4606
8291 9990
10935 26750
10944 3104
3104 8764
11193 4841
140890 3181
140890 3192
140890 9967
1108 4665
1108 5885
3020 10992
3020 29855
3020 3009
3020 8349
3020 8360
3020 8367
5925 51341
5925 8507
5925 8881
8805 7026
8805 81603
10953 65057
65057 244
10956 4087
10956 91
4087 2071
4087 26993
4087 2778
4087 4205
4087 54903
4087 5573
4087 6133
4087 6156
4087 6625
4087 6838
4087 7266
4087 79654
4087 815
4087 860
4087 8881
91 3625
91 6642
10957 5599
5599 1850
5599 23193
10960 5601
5601 23162
5601 4775
5601 4935
5601 5609
5601 80824
5601 8841
10961 3309
3309 1326
3309 23111
3309 23677
3309 4543
3309 4794
3309 5894
3309 9564
10963 5451
10963 654364
10963 817
5451 2058
5451 6657
5451 7296
654364 47
654364 471
654364 4830
654364 5511
654364 7334
10969 11065
10969 2931
10969 55611
11065 1840
11065 2026
11065 26586
11065 4085
55611 23043
10970 5327
5327 5054
5327 5328
5327 6678
5327 710
2810 27332
2810 8470
2810 9223
302 6778
3183 1620
3183 3838
3183 3845
3183 55285
3183 8945
6143 1353
65266 9075
8204 2104
8204 6257
8204 7289
8204 7421
84335 23421
84335 8878
8520 8294
9101 3881
9101 8689
10972 23385
10972 26003
10972 51107
10972 5663
10972 8412
23385 51107
26003 2801
26003 7916
51107 5664
5663 1495
5663 5019
5663 51295
5663 55798
5663 6767
5663 836
8412 5198
8412 8607
8412 9564
10980 153527
10980 163590
10980 2197
10980 2873
10980 3827
10980 54455
10980 54850
10980 55512
10980 6160
10980 6169
10980 6176
10980 6187
10980 6210
10980 64127
10980 7347
10980 79176
10980 8451
3827 3026
3827 7448
54850 11140
6160 645
6176 1915
6176 5201
6187 2246
6187 2248
6187 2932
6187 8445
64127 375607
7347 5320
8451 152002
8451 25853
8451 3205
8451 3848
8451 5092
8451 55884
8451 6742
8451 79269
8451 79968
10982 4005
4005 2078
4005 3566
4005 4066
4005 6886
10983 3875
3875 1832
3875 3265
3875 3856
3875 9659
11100 4141
151230 23326
1965 5885
1965 8892
22803 1312
22827 26986
22827 6741
22827 84988
23645 1488
23645 3551
23645 57473
23645 5885
26986 1973
27161 192669
27161 23411
27161 5936
27161 7124
3551 5495
3551 57506
3551 7124
3551 8826
3727 1649
3727 2353
3727 2354
3727 467
5743 4924
5883 5810
6129 2052
6129 7553
6132 2261
6132 6829
6156 5460
6156 5885
6156 835
83743 1642
9275 79657
10989 3838
10989 81565
10989 9638
3838 2618
3838 5378
3838 5971
3838 81620
3838 835
3838 83547
81565 699
9638 26064
9638 4750
9638 5802
9638 6354
10994 1201
1201 7514
11004 64946
11004 6790
64946 79682
6790 22974
6790 3619
6790 4830
6790 54998
6790 7334
6790 9793
6790 991
11007 149371
11007 159989
11007 27018
11007 84310
84310 23327
11016 122953
122953 5241
11034 6238
11034 6462
6238 55729
6462 1364
6462 231
6462 81888
113457 4794
113457 9111
790 5566
1104 4928
1104 51150
1104 5902
4928 25909
4928 30000
4928 9232
11040 4714
11040 8651
4714 7535
8651 2322
8651 3459
8651 5295
11047 1678
11047 6185
11047 9097
6185 550
6185 55969
9097 5530
5432 51497
5432 5433
5432 5436
5432 65123
5432 80789
8726 5252
8726 5511
8726 6204
322 128553
322 333
322 51466
322 55740
322 57616
322 6310
322 7456
322 84991
8440 1796
8440 1947
8440 56243
8440 780
11059 3561
11059 51105
11059 7430
3561 3560
3561 3574
3561 3718
3561 6461
3561 6789
7430 3872
7430 396
1840 4853
1840 83737
2026 311
4085 11130
4085 25778
4085 991
11067 373
11067 83878
11067 9444
373 140545
373 2669
373 55658
373 9513
83878 11170
83878 127703
83878 26150
83878 3603
83878 89885
83878 9815
9444 23543
9444 3059
9444 81857
9444 9862
11244 7013
11244 8553
28964 3163
28964 5063
28964 80852
28964 9815
3725 1387
3725 1445
3725 1999
3725 2353
3725 3159
3725 4150
3725 467
3725 55294
3725 6908
3725 7050
55660 55740
5802 5764
5802 5797
5802 5798
5802 8499
8467 6648
8467 8357
8467 8370
8880 7088
8880 902
11073 2956
11073 545
11073 580
11073 83990
2956 1111
2956 4361
2956 4436
2956 5111
2956 5378
2956 580
2956 63967
2956 84464
580 4436
580 5888
11078 2965
2965 7508
5885 1191
5885 1654
5885 3575
5885 5007
5885 5700
5885 57504
5885 57609
5885 6218
5885 7156
5885 8294
11080 3310
11083 1857
1857 6204
1857 65265
1857 81839
1857 83737
1857 85407
11091 23067
11091 23178
11091 3006
11091 51514
11091 8085
23067 80335
23067 8351
3006 1459
3006 23512
3006 402569
3006 81847
51514 387893
4141 7030
11102 51367
11102 8994
8994 5914
11104 9730
1111 1642
1111 4221
1111 4436
1111 5888
1111 8914
1111 995
1642 3191
1642 50717
1642 51185
1642 55388
1642 64326
1642 84464
4221 6119
4436 4361
4436 5111
4436 5378
4436 84464
4436 9156
5888 11144
5888 56647
5888 5889
5888 5893
5888 84142
5888 8438
8914 1408
8914 5187
995 11178
995 1263
995 890
995 891
11117 84034
11122 5798
11128 55718
11130 147841
11130 4001
11130 57082
11130 57405
11130 699
147841 348235
147841 57405
147841 699
4001 55388
4001 7112
4001 9816
4001 9833
57082 699
57082 7272
57405 699
699 145226
699 991
11132 5688
1114 5880
5880 1536
5880 1794
5880 397
5880 7454
11140 1459
11140 24138
11140 3437
11140 51295
11140 54862
11140 57731
11140 5886
11140 60673
11140 6294
11140 7001
11140 8837
11140 9361
1459 2957
1459 5770
1459 58533
1459 79101
1459 9326
24138 3437
3437 3433
3437 3434
3437 348
3437 5886
3437 9361
51295 140545
51295 2193
51295 5886
51295 7001
51295 9361
5886 1622
5886 5691
60673 51479
60673 6117
6294 9667
7001 51293
8837 25777
8837 7185
8837 7187
8837 835
8837 83737
8837 8767
8837 9046
11146 4233
4233 1268
4233 200958
4233 3635
11147 9111
9111 55707
5111 3621
5111 3978
5111 5424
5111 5425
5111 5426
5111 6117
5111 63922
5111 7374
5111 7486
5111 79075
5111 890
5723 51657
6520 56301
11157 27257
27257 26019
27257 54867
11161 11189
11161 3146
11161 4905
11161 5427
3146 3213
3146 3223
3146 4335
3146 55791
3146 9094
4905 23673
4905 5795
5427 54107
11162 29970
29970 4131
29970 4685
29970 51650
29970 55719
29970 6546
29970 7857
29970 8925
29970 92689
29970 9839
11165 7511
7511 2932
7511 60561
7040 114990
7040 1634
7040 4054
7040 4313
7040 633
7040 6383
7040 6678
7040 7057
929 11213
11170 23641
23641 26240
23641 5682
23641 7593
11171 4131
4131 4130
4131 5048
4131 50488
4131 5092
4131 54708
11177 54108
11183 3055
3055 1439
3055 1441
3055 2212
3055 22821
3055 2889
3055 3937
3055 51363
3055 51466
3055 5175
3055 5336
3055 64207
3055 7454
3055 7456
3055 7472
3055 9046
3055 9844
11184 27040
11184 28988
11184 3059
11184 3937
11184 4690
11184 9402
27040 3702
27040 51744
27040 5336
27040 6850
27040 7535
27040 916
27040 919
27040 925
3059 2268
3059 7454
3937 2533
3937 3702
3937 50852
3937 5336
3937 5788
3937 7454
3937 84106
4690 1951
4690 22974
4690 2533
4690 3400
4690 356
4690 6654
4690 8894
4690 916
4690 9846
9402 356
11186 6789
11186 991
6789 83937
991 1163
991 26271
991 27338
991 51053
991 63967
991 7272
991 81620
991 890
991 891
991 9232
991 996
11187 1830
11187 30011
30011 151011
30011 23157
30011 26145
30011 70
30011 8871
30011 92799
4841 56252
11198 4173
11198 4796
11198 8330
11198 91754
4173 84515
91754 8439
26574 84105
392 576
392 6604
5525 1452
5525 5527
5527 8870
5527 901
11213 353376
353376 3554
11214 2099
11214 2776
11214 5903
2099 2063
2099 2101
2099 23788
2099 4616
2099 5241
2099 595
2099 6195
2099 6604
2099 6654
2099 7068
2099 7704
2099 80205
2099 9325
2099 9862
2776 1131
2776 2912
2776 51251
2776 5290
2776 8811
11215 2932
2932 170506
2932 1915
2932 5108
2932 51631
2932 7123
2932 738
11224 6880
6880 1915
6880 23301
6880 3836
6880 6229
6880 6902
11228 122786
1123 658
1123 90
658 28512
658 392255
658 4091
658 51285
658 5218
658 55622
658 57111
658 57381
658 8200
658 9459
90 284086
90 28512
90 3625
90 51285
90 5218
90 55111
90 55622
90 57111
90 57381
90 58473
90 8200
90 83452
11230 388
388 4130
388 83892
11235 25843
11235 80143
25843 55791
25843 80143
112398 55603
112398 64344
64344 54583
112399 468
112399 54583
468 2959
54583 3845
11243 50813
7013 4683
8553 2192
8553 406
8553 9253
112464 8436
112464 857
8436 857
857 1901
857 1910
857 2149
857 2771
857 2869
857 2886
857 3486
857 3611
857 3667
857 4323
857 5156
857 55698
857 5728
857 5792
857 5957
857 7220
857 8165
857 858
7132 1213
7132 355
7132 4049
7132 4050
7132 5777
7132 6233
7132 8294
7132 835
11261 6548
11274 4637
11276 164
164 51552
164 9685
8270 55644
112869 23326
112869 3866
23326 124995
23326 23275
23326 23411
23326 27044
23326 56943
3866 3983
112950 9325
112950 9796
9325 5914
9325 7026
9796 4731
9796 728239
9796 81557
2101 152185
2101 2959
25925 1879
11311 23410
23410 55090
23410 55768
23410 5771
23410 6337
23410 80055
11315 582
11315 7329
582 150274
582 583
7329 151636
7329 201254
7329 23295
7329 29117
7329 55729
11325 9400
9400 8940
11326 718
718 1378
718 1380
718 1511
718 3075
718 3684
718 3687
718 7052
718 719
11331 23767
11331 4205
4205 7003
1876 369
6874 6884
6874 6938
8351 25842
8351 3012
8351 7153
8351 8360
8351 8367
8351 83903
8351 84678
8351 8535
9557 3021
11337 11345
11337 23637
11337 55361
11337 7024
11337 81631
11337 9667
11345 115201
11345 126298
11345 58476
11345 63891
11345 9667
55361 4846
7024 7342
81631 115201
81631 26019
81631 3030
81631 63891
81631 9685
55145 23636
55145 2512
55145 81488
55145 9513
11339 7112
7112 84823
11340 22894
11340 23517
11340 51013
22894 7709
23517 23404
23517 5393
51013 5393
11344 3611
11344 54386
11344 832
11344 9924
3611 171024
3611 3315
3611 55679
3611 55742
54386 23406
54386 50810
832 1762
63891 4093
4794 23243
4794 5917
4188 157773
4188 25796
4188 2771
4188 3219
4188 5155
4188 55049
4188 55367
4188 64745
4188 7220
4188 84752
4188 92595
1138 1143
1143 29979
114088 151636
114088 653361
151636 7328
151636 83666
653361 1536
653361 356
653361 4688
653361 4689
653361 5579
29979 26071
29979 3300
29979 8933
114569 7163
114609 3703
1147 203068
1147 2289
203068 9344
114799 8356
114799 8358
114799 8968
8356 200186
8356 23135
8356 26013
8356 29117
8356 55870
8356 57459
8356 79577
8356 8338
8356 8360
8356 8366
8356 8367
8356 9646
8358 200186
8358 26013
8358 51147
8358 57459
8358 79577
8358 8338
8358 8360
8358 8366
8358 8367
8968 200186
8968 23135
8968 79577
8968 8360
8968 8367
114803 3832
3832 65018
114883 9217
9217 9218
114990 7043
7043 1490
7043 4054
55388 26015
55388 4176
81620 4176
81620 51053
81620 7153
115416 25978
115426 3093
3093 6047
116 7434
116 835
7434 7432
1161 9978
9978 23291
9978 23532
9978 55658
1163 1164
1163 890
1163 891
1164 890
1164 891
891 2305
891 26271
891 4616
891 55872
891 899
891 9088
116349 7205
7205 23513
7205 473
7205 55178
7205 5563
7205 9321
116444 2903
116540 29086
29086 25824
29086 51035
117581 4208
4208 2034
3303 3337
3303 6310
3303 9531
3304 3337
3304 6310
3304 9531
118460 23199
118460 54464
118460 5689
23199 55758
54464 25804
5689 3692
5689 5691
5689 8764
5689 9391
1186 23043
23043 3035
23043 51504
23043 9276
1191 4792
1191 5621
4792 23085
4792 4790
4792 4791
4792 5971
5621 23411
5621 283337
5621 3198
5621 334
5621 4978
1193 6399
12 30834
30834 335
7514 1660
1207 6634
6634 25929
6634 5933
6634 79084
6634 79833
120892 4773
120892 7855
4773 50943
4773 84901
1213 2902
1213 48
1213 55681
2902 4133
26013 80854
26013 8366
2647 4704
57658 8366
80854 55240
8338 57459
8338 8360
8338 8367
9869 3720
5241 687
1230 3716
1230 6348
1230 6351
1230 6352
1230 6354
3716 2242
3716 3566
3716 5156
3716 5159
3716 5788
3716 9180
6348 1233
6348 388372
6348 5552
6348 6351
6351 1237
6351 3576
6352 6518
6354 166
6354 4322
6354 4323
123169 23168
1233 6361
1233 6367
6361 1237
3717 140885
3717 1441
3717 2242
3717 2690
3717 2969
3717 3356
3717 3560
3717 3566
3717 3718
3717 3953
3717 5159
3717 5336
3717 5478
3717 55250
3717 5788
3717 7275
3717 729230
3717 84959
3717 9021
3717 9180
729230 6355
920 1509
920 2214
920 3113
920 3118
920 3603
920 3732
920 5245
920 57574
920 5788
920 6146
920 6387
920 6402
920 8945
920 914
920 940
920 963
1237 388372
388372 3576
126393 26353
26353 1410
26353 27129
26353 3315
26353 3316
26353 9531
1264 4640
1264 7168
7168 5311
7168 6335
7168 7169
7168 79745
1267 4543
126961 5929
126961 9112
5929 79577
9112 4331
127294 9070
9070 9094
9070 9757
1277 1278
1277 1294
1277 1634
1277 2252
1277 22795
1277 3486
1277 3678
1277 43
1277 4313
1277 4921
1277 5654
1277 633
1277 649
1277 6678
1277 7057
1278 1634
1278 4060
1278 50509
1278 633
1278 6678
1294 1282
1294 4313
1294 649
1294 7057
1634 1282
1634 1289
1634 1291
1634 1805
1634 4313
1634 7057
1634 712
1634 7373
1634 8840
2252 1281
2252 1291
2252 2260
2252 2263
2252 3339
2252 8829
22795 1282
22795 3339
22795 3915
22795 5549
3486 1511
3486 1514
3486 3479
3486 354
3486 4052
3486 4312
3486 4313
3486 4314
3486 6256
3678 1490
3678 2263
3678 2324
3678 284
3678 3371
3678 3690
3678 5175
3678 5354
3678 6696
3678 80781
3678 8829
43 2023
43 5476
4313 1293
4313 2
4313 2260
4313 4323
4313 63827
4313 6387
4313 6695
4313 7057
4313 7058
4313 7078
4313 80781
4921 1281
5654 1281
5654 9873
633 1284
633 4237
633 8840
649 1290
649 148
649 2669
649 3339
649 8646
6678 1281
6678 1289
6678 1513
6678 3339
6678 6383
6678 7057
7057 1281
7057 1289
7057 3075
7057 3488
7057 4644
7057 7130
4060 4323
50509 1289
1281 5118
1282 1284
1282 1307
1282 2199
1282 22918
1282 4086
1282 4811
1284 2199
1284 22918
1307 2670
2199 1462
2199 3339
2199 4811
2199 5549
2199 63827
2199 80781
22918 1286
22918 4478
22918 55843
22918 712
4086 23551
4086 375449
4086 4739
4086 51285
4086 79674
4086 83871
4811 2192
4811 3339
4811 3690
4811 3915
4811 5328
4811 5549
4811 57125
4811 5792
1287 1288
1287 5270
1289 1290
1290 1301
1291 3912
3912 3915
3912 773
1295 1296
1295 3672
1295 54507
3672 1305
3672 7094
54507 2192
54507 2275
54507 358
1298 84273
84273 4704
129807 5359
5359 51545
5359 5371
2670 9260
130916 2353
2353 3726
2353 4140
2353 81846
131034 5604
5604 2002
5604 23162
5604 55742
5604 65125
5604 811
5604 8986
1314 1315
1315 375
375 23062
375 9043
1327 51643
51643 6748
133522 221504
221504 91612
134 2771
134 2775
2771 1909
2771 2139
2771 2149
2771 2357
2771 4688
2771 5999
2771 728
2771 8490
2775 2867
2775 4924
2775 53637
2775 6334
2775 8490
1345 51497
51497 14
51497 23549
134957 8773
8773 23673
8773 6811
8773 6844
1363 51003
1363 5562
1363 885
51003 55147
51003 7050
5562 51185
5562 5208
5562 5717
5562 57521
5562 7415
5562 79710
1368 1950
1378 1380
1378 712
1378 720
1380 2208
1380 930
712 1464
712 29978
712 713
712 714
712 715
712 716
930 5336
930 928
930 933
930 973
930 974
1382 896
896 374
1385 158358
1385 22823
1385 7750
158358 6310
7750 6498
7750 7343
1386 595
1386 9586
595 861
595 8945
595 9135
1387 2309
1387 3217
1387 4297
1387 6720
1387 84441
1387 8521
1387 9322
1387 9792
2309 2305
2309 23411
4297 8352
6720 201501
6720 55294
6720 9282
84441 4853
9322 84693
1388 4802
4802 1810
4802 23390
4802 6643
1390 2014
1390 6688
1390 947
6688 1788
6688 2078
6688 4772
139716 1435
1435 1436
23114 55800
23136 23705
23136 84966
23624 23148
23624 80128
2690 3667
2690 5660
2690 5788
2690 9021
356 150221
356 2533
356 3702
356 5290
356 64333
356 841
356 843
356 9051
6654 9644
7159 6314
3911 4059
51082 4110
51082 9533
14 65265
773 2192
773 2202
773 23072
773 25822
773 3339
773 4052
773 4054
773 5125
773 58504
773 7450
140465 8826
8826 6780
8826 9255
140545 4846
4846 3021
4846 81
140597 5245
140597 79921
5245 1804
5245 25855
79921 8237
140739 79084
79084 6632
79084 6633
79084 6635
140775 9821
9821 5563
1408 5187
5187 8863
3181 1660
3181 3191
3181 6625
3181 8458
1410 3315
1410 3316
3315 2162
3315 29950
3315 5587
3315 70
3315 84966
3316 1977
26168 27043
26168 7376
55636 57680
7486 2068
7486 4176
7486 5425
7486 55655
142689 9616
9616 55585
1431 8237
8237 5105
8237 55593
8237 9338
1432 22897
1432 27347
1432 29904
1432 3654
1432 55300
1432 55578
1432 56940
1432 6558
29904 6195
29904 6198
3654 23020
6558 9943
1434 5536
1434 999
999 3728
999 51474
999 8502
999 9223
1436 9021
9021 2057
9021 3953
9021 5532
9021 5600
9021 6335
1439 2242
2242 3566
2242 5719
1445 154
1445 3399
1445 3932
3399 3280
1452 3958
1452 4194
1452 5664
1452 58
4194 64326
5664 8766
58 27252
58 55929
58 7137
58 79083
1454 8864
23076 9188
3297 5481
3297 6598
3297 9486
8667 6059
92140 51633
9790 84132
5770 823
58533 26146
79101 23564
79101 25791
9326 4212
9326 9214
5565 55249
146059 8357
8357 2186
8357 29117
8357 8370
1462 2192
1462 2313
1462 6366
1462 6387
1462 6404
1462 7143
2192 1839
2192 1893
2192 3339
2192 4854
2192 4856
2192 8076
2313 2078
6366 3490
6387 1511
1464 80852
1464 8777
8777 19
8777 3356
8777 7122
8777 815
1465 6335
6335 1839
6335 2184
6335 3956
6335 51286
6335 55002
6335 5730
6335 7389
6335 7786
6335 8404
146956 8438
146956 84464
84464 23511
1471 1508
1471 1514
1508 1509
1508 2
1508 3479
1508 348
1508 5328
1508 8877
1514 3576
1514 5328
1514 80781
1475 54532
54532 6154
54532 847
1476 1512
1478 53981
1478 7917
7917 6863
7917 8626
147923 8099
8099 9391
148 2318
2318 25816
2318 4606
2318 6196
2318 6444
2318 90102
148022 57506
148022 7187
57506 7187
7187 23636
7187 249
7187 2906
7187 3604
7187 4791
7187 54476
7187 7133
7187 7293
7187 79671
7187 8740
7187 8784
7187 943
148156 56915
1487 254251
1487 6331
1487 64375
1487 6907
1487 9425
6907 27101
6907 9612
1488 56905
1488 8535
1495 56288
56288 3985
26060 5868
4582 79695
51701 4603
5310 5311
5310 7094
5494 2913
81 6314
81 9223
9802 26086
9802 80321
149951 150684
150684 5966
5797 5125
5797 8496
5979 2668
5979 5792
5979 9046
150274 583
583 229
1506 3621
1509 5660
1509 92979
2 23154
2 23176
2 309
2 354
2 3952
2 5155
2 7052
2 84106
2 8728
3479 3488
3479 3490
5328 3082
5328 5054
5660 2629
1511 183
1511 2149
1511 840
183 5553
2149 2769
2149 6642
2149 8646
840 843
151246 55143
55143 3619
55143 55920
55143 7272
3576 4318
80781 25851
80781 7052
7328 196403
7328 7681
7328 91445
151888 5777
5777 7535
5777 8660
5777 973
1523 9266
152330 333
333 6943
153 1739
1739 22839
1739 27165
1739 3759
1739 50807
1739 6300
1536 4688
1536 4689
4688 4689
4688 9588
23586 26064
156 5923
157570 51317
157570 6839
51317 9404
6839 1788
6839 29128
158326 6788
6788 283349
6788 83593
6310 23543
6310 25758
6310 342667
6310 639
6310 64745
6310 64753
6310 8462
6310 91752
1605 1821
160622 1742
160622 2912
160622 2913
1742 1740
1742 22866
1742 2535
1742 2898
1742 2901
1742 3356
1742 3597
1742 3751
1742 4130
1742 491
1742 493
1742 50944
1742 54413
1742 5793
1742 8321
1742 8322
1742 9743
2912 2769
2913 23426
1607 3881
3881 9958
1612 27252
1612 57534
27252 2634
27252 5371
57534 182
57534 28514
1613 5074
8626 2016
8626 25934
8626 8945
161742 51726
51726 55139
162 4915
4915 25759
4915 8878
1622 5887
5887 9039
162989 843
843 1832
843 836
1805 4015
4751 26098
4751 7170
8907 5284
3191 1676
3191 4094
3191 5079
3191 5371
3191 6595
3191 6672
3191 8458
64326 200186
1647 197131
1647 2634
1647 355
1647 4478
1647 8294
1647 84966
1647 8543
197131 56901
2634 3336
2634 5511
2634 6195
355 8557
355 8741
355 9577
4478 255877
4478 3383
4478 5564
4478 6402
4478 6623
4478 7412
4478 862
8294 23492
84966 9315
8543 9371
1649 8405
8405 2664
550 197322
81622 25844
1653 4361
4361 22976
4361 3978
7185 5479
7185 7128
7185 8784
165918 7314
7314 22839
166 3182
166 7088
3182 63893
7088 28996
7088 379
7088 55643
7088 5828
7088 6362
7088 861
1660 3609
1660 6629
1660 7153
3609 26015
7153 1677
166336 64750
64750 394
64750 4703
64750 9958
1674 23336
1674 79745
1674 81493
79745 202333
79745 55700
1676 1677
1676 29888
29888 92170
170959 310
310 22993
310 2783
310 51380
310 5699
310 85365
170961 9094
9094 306
9094 3398
9094 4067
9094 9061
22839 274
3759 9495
50807 29763
6300 1741
1740 19
1740 22866
1740 2894
1740 4130
1740 493
1740 8321
1740 8322
19 23365
19 27295
19 3984
19 50944
19 6390
19 6645
19 7074
22866 57554
2894 2009
4130 3356
4130 3778
8321 7472
1741 6274
2535 4920
3356 4916
3597 3566
3751 3603
491 9351
50944 23266
50944 576
50944 6196
50944 6752
5793 5159
5793 5170
5793 7010
1746 5295
5295 369
5295 5216
5295 7177
5295 7301
5295 924
1756 3856
1756 6640
3856 3872
3856 54726
3856 55278
6640 8525
8554 26135
8554 51199
8554 7629
8554 9994
1762 3043
1762 4698
1762 57599
3043 3039
3043 3040
57599 55607
177 6285
177 7276
7276 51608
7276 9013
1778 27185
1778 4791
1778 5531
27185 5142
27185 636
27185 9782
27185 9989
4791 2969
4791 3858
4791 4790
4791 5719
4791 5971
4791 6202
4791 84617
4791 8945
4791 9919
5531 4790
29763 388228
2146 23512
2146 23649
2146 5252
2146 546
2146 55506
23512 29128
23512 387893
23512 55506
23512 64219
54935 9650
55284 4281
55284 8926
55284 93664
1793 9844
9844 1794
1794 919
919 26191
919 3718
919 50852
919 51744
919 5788
919 6503
919 7535
919 84174
919 914
919 915
919 916
919 962
1796 5921
1797 2319
2319 202051
1810 54107
1813 2036
1813 3762
182 54874
1820 1832
1832 2125
1832 3728
1832 5317
1822 3714
1825 51377
51377 307
51377 3854
51377 5317
51377 8607
1831 79666
79666 4149
79666 5635
1837 3768
1837 6641
3768 6641
6641 7402
1838 3799
3799 5564
1839 3732
1839 4054
1839 573
3732 3109
3732 3122
3732 967
573 5894
573 596
4853 4242
83737 23678
83737 54472
83737 7071
83737 79871
1854 2104
6204 23411
6204 5971
51433 51434
51433 7704
51433 9232
6670 2551
8841 2107
8841 29974
8841 4287
8841 5629
8841 7068
8841 8819
1870 387893
1870 7027
387893 7158
7027 1874
1874 4605
1874 55872
1874 5685
1874 898
4605 898
5685 84262
898 5934
898 6595
369 24148
369 256281
369 5605
369 6237
1879 23090
23090 253738
23090 64641
1894 29127
27295 2273
27295 23022
27295 91977
3984 4323
6390 23533
6390 2395
7074 23542
7074 4830
1901 5159
5159 3690
5159 5155
5159 5156
5159 5728
5159 6503
5159 6642
5159 9351
1902 9351
9351 25937
9351 5728
1910 2767
1911 2052
2052 23466
1912 2275
1912 51460
1912 55885
51460 8366
55885 6095
1915 54819
1915 5580
1915 5775
5580 4067
5580 4155
5580 64866
1917 7133
7133 4049
7133 8729
192669 23408
192669 3301
192669 6737
192669 7280
3301 379
6737 8878
7280 54622
509 4709
1933 3035
5700 5684
5700 5687
5700 5706
5700 5716
51608 5589
5717 80227
57332 4300
6498 204851
6498 26525
6498 79710
1938 5519
5519 3329
5519 80789
1944 2044
2044 1946
1946 2043
2043 2263
2043 29882
1947 2047
1947 23426
2047 1948
2047 2051
23426 7421
23426 8352
1948 9463
9463 2048
9463 54840
1951 23075
1951 23270
1951 8888
8888 79723
1952 2617
2617 1999
2617 3376
2617 960
1953 8076
27 84419
2887 2002
3872 2063
3872 2707
3872 3853
3872 5230
3872 8945
5566 2115
5566 2562
5566 27232
5566 2893
5566 41
5566 4133
5566 4284
5566 4842
5566 5255
5566 6261
5566 7054
5566 9311
5787 2057
5787 5595
7277 4137
7277 430
9368 5331
2962 6917
4094 5371
1962 6342
196528 29117
29117 2495
29117 4747
29117 8332
1973 27250
1973 8662
27250 8945
8662 57521
8662 8663
1977 5371
5371 23635
5371 54778
5371 54971
5371 6135
5371 7704
5371 84105
5371 9372
1981 2710
1982 4686
1982 8669
8669 8661
1983 8664
8664 51386
8664 8666
23048 5148
23048 7454
23471 79139
26135 5349
26517 26521
26517 6119
30000 5293
51588 4946
51588 7158
51588 8924
5292 2042
5292 4149
5292 4772
5433 5434
5433 5436
5433 55174
5433 5930
5433 7520
5433 80789
7334 31
7334 51283
7334 55159
7334 55819
7334 7681
7334 7844
80011 6648
8570 51010
9688 23165
9688 55706
199777 2274
2274 203
2274 2273
2274 3488
2274 3679
2274 9372
1999 2108
1999 3017
1999 811
1999 8343
3017 5716
8343 5716
354 5265
3952 3101
5155 3339
5155 5156
7052 3690
7052 7786
200186 5530
5530 2561
5530 9495
2002 3397
2201 4052
2201 4237
29079 55729
29079 84105
201163 5563
5563 23031
201254 378708
378708 2187
201595 6184
6184 59307
2017 55114
202333 4606
4606 51294
4606 8522
4606 8639
2027 4122
2027 4703
2027 64419
26259 7411
28996 8349
3219 6886
3219 694
4090 4152
4090 57154
4090 85313
4673 6147
51621 6721
6256 26119
6256 4790
6256 5452
6256 54538
6256 55629
6256 6604
6256 6996
6256 9612
6595 5092
6721 6711
7158 56852
8349 3842
8349 57459
8349 6942
8349 7319
8349 8360
8349 8367
8349 8370
8349 9031
8349 9643
904 5378
9612 8360
2034 56938
23020 9391
2806 4191
3336 3329
4809 2975
5037 5579
2263 25999
2263 5378
2048 6386
6386 2892
204851 861
861 5079
861 865
2057 3815
2057 5595
3815 5156
3815 5981
3815 6776
3815 967
5595 2764
5595 5796
5595 7343
5595 8370
2058 3376
26258 541468
23111 57154
23111 9372
29924 29978
3267 6845
7805 23462
7805 26508
7805 7128
7805 88455
2063 521
2063 815
2063 9068
815 23604
815 9270
2268 7454
23371 2260
23371 3690
2886 259215
3667 2241
3667 489
3667 7275
5774 7421
5803 5764
7294 91746
2066 960
960 57147
960 928
350 2159
5170 5579
673 22808
673 55704
673 92609
2072 2189
2189 2176
2189 2178
2189 2187
2189 22909
2189 353497
208 57761
208 84172
57761 2661
57761 3106
8607 3106
8607 5093
8607 54039
8607 57634
8607 79657
6195 23564
6604 6095
7068 5705
7068 8668
7704 23528
7704 3075
7704 55068
7704 7572
2959 9519
2107 5515
5515 5524
4211 5090
4741 4744
4741 4929
2114 5460
5460 4331
2118 6879
2120 9846
22890 7597
23635 8445
4904 5496
4904 6197
2131 2132
2132 6582
23649 83931
23649 84950
5252 7520
546 8352
546 8355
2147 5104
2147 8858
5104 2159
5104 2243
6642 3953
8646 57045
8646 7092
8646 948
58494 83700
2153 2159
2175 2176
2175 2178
2176 2177
2176 2178
2176 6709
2178 2177
6709 6711
6709 836
6709 85461
2185 2261
2185 4216
2185 4739
2261 2254
2261 8817
2261 8822
4739 2889
4739 5290
2186 8370
8370 27043
8370 4176
8370 8148
8370 84787
2191 5329
5329 27286
5329 3684
3339 5549
4854 28514
4854 5682
4856 28514
2193 5610
5610 79706
219541 4487
219541 9282
219541 9477
4487 64802
9282 9441
9477 23091
63827 4316
63827 4322
63827 9507
2204 4067
2214 5788
5788 3718
5788 7454
5788 8500
5788 914
5788 925
2222 23204
2222 79188
23204 55294
222663 4318
4318 6374
223 7128
7128 5920
7128 9815
396 4771
3566 9046
5719 5682
5719 5687
5719 5706
2243 5345
2246 8829
8829 2321
8829 5228
8829 7869
8829 8828
2260 4684
2260 663
4684 2668
4684 627
8817 2264
8822 2264
5378 675
5378 9156
7454 23380
7454 2533
7454 26191
7454 3702
7454 51466
7454 57381
7454 728
7454 9051
7454 9873
2273 23499
2273 3488
2273 3910
2273 9590
23499 23129
23499 26146
23499 4350
23499 55763
23499 9378
3488 5054
3488 6696
9372 79987
9372 89941
22794 5976
5976 23049
5976 23381
5976 26019
3915 51019
22808 5290
22808 5364
5364 29984
5364 9826
9815 5063
9815 56904
9815 5957
9815 7247
9815 9853
22820 22908
22820 9276
22908 9276
9276 9391
22822 22824
22824 9338
22832 8089
8089 9025
274 23557
22870 283373
22871 9378
9378 23026
2288 2631
2288 3662
2631 5837
2631 8508
22882 6237
6237 89797
22895 9545
9545 22983
22919 23281
22919 5476
5476 3920
5476 84447
675 24137
675 56946
8289 55193
8289 5914
8352 6872
8352 80349
4300 54880
4300 55791
8573 6385
84164 6117
22941 8655
22954 7335
22954 84062
7335 54778
7335 6048
7335 84937
22955 55534
22955 80012
22981 51562
22981 58500
51562 57325
51562 9513
22982 5092
5092 6229
5092 79873
5092 84105
22983 6468
23013 9246
9246 4214
23019 3209
23019 7832
7832 9337
9391 26993
9391 4642
9391 8813
9391 9328
23032 23421
23421 65991
23047 23063
23054 3172
23054 63925
3172 29982
3172 6927
23062 25825
23062 55297
23071 30001
23077 578
23411 3839
23411 53840
23411 54825
23411 56672
23411 57545
23411 6497
23091 9442
23091 9969
9969 54797
23092 3643
3643 2549
231 7030
7030 7942
57154 23229
57154 57514
57154 7094
23112 26523
92609 4793
92609 8795
9349 3843
23133 6872
23133 7552
6872 23348
6872 5934
6872 6878
6872 6884
6401 6402
6401 7094
23162 5609
23191 8522
8522 752
23193 51422
51422 8661
23197 267
23197 3638
267 51035
267 84447
267 9709
55294 253260
55294 64421
2321 8828
8828 5228
8828 7869
2322 3635
23223 54606
54606 64951
54606 64965
54606 64969
54606 9882
23236 50855
50855 5607
50855 92359
50855 9240
2324 7424
23246 55759
23246 7071
55759 23481
7071 57473
23256 6811
6811 8775
23269 84733
23279 25909
23286 55791
55791 4666
55791 8988
23291 4651
23309 5927
5927 6908
27330 51569
27330 64780
27044 3516
23327 7881
23338 51147
23338 9925
23345 25777
23345 9467
6383 3082
6383 3730
23358 3726
3690 5156
3690 5175
3690 7070
3690 7094
23380 6091
23380 64005
23380 7456
23380 752
7456 9051
23384 84662
84662 23543
23404 26019
23404 51010
55090 400569
55090 9443
5771 54732
53840 7681
56672 5603
6497 2736
6497 2737
65991 3692
7421 6882
23429 8332
23463 3265
3265 2906
3265 5147
79139 3105
79139 4241
23476 29998
23476 4298
23476 9640
4298 8178
23478 8764
8764 25873
8764 5684
8764 6748
8764 9759
26146 3798
26146 54520
26146 55763
26146 6711
26146 6881
64219 26150
64219 2936
64219 3835
5411 25957
4140 25926
23532 9532
23533 5294
23533 9509
5294 6610
5294 951
23542 728239
23542 81557
23542 9479
728239 493861
81557 493861
23551 5894
5894 283455
5894 3880
5894 5932
5894 596
23555 8945
8945 3587
8945 51684
8945 9787
26064 9637
23595 4999
4999 5000
4999 7520
70 85477
23608 7015
6845 8417
8445 6141
5682 51171
5682 5684
57473 27072
8408 9100
8408 9776
23741 4692
4692 415
4692 493861
4692 54780
23774 84289
24137 8458
244 653145
245812 379
6009 7248
2495 7248
4137 5260
6461 5156
6792 4204
91179 8578
2512 5911
5911 51735
2521 81550
2532 2919
2532 6347
2532 6355
2919 3579
6347 2826
6347 4312
6347 4314
6355 4314
253260 6198
253260 7072
2533 4068
2533 51466
2533 7408
4068 4063
4068 51744
4068 57823
4068 6504
4068 8832
4068 9459
51466 26136
51466 54518
4659 5500
4659 5795
4659 9475
57142 51062
57142 51324
57142 7385
57142 9363
8853 9238
948 4145
948 7436
4287 78990
4851 3955
5050 63893
2548 9253
2549 6093
255488 54205
54205 51706
54205 54984
54205 7384
257364 51429
25778 515
25778 5691
5691 3692
5705 7979
25788 6924
25804 51690
51690 6867
25819 25822
25822 287
287 6546
25824 60492
25851 9140
25873 6142
25884 654
25884 8200
25890 4154
25896 7979
7979 55795
259173 5868
5868 5878
5868 64145
5868 9712
25929 6635
6635 6633
6635 79760
25937 688
2801 83452
26009 7988
26009 84105
26009 8548
7988 2794
7988 7551
84105 6927
8366 54496
8366 55140
8366 55167
8366 57459
26015 55703
26015 64682
64682 51434
64682 79657
260425 5728
5728 5156
26043 6923
6923 79585
26056 8774
26086 339965
26088 55707
26088 6272
6272 4803
26119 7020
26119 9575
3798 9448
3798 9693
6711 55729
6711 80254
6881 6877
6881 8464
26156 55257
55257 7410
27043 6722
26173 55756
55756 54973
55756 55174
26191 916
916 50852
916 7535
916 915
916 917
26228 8725
8725 79657
541468 55619
4646 29761
26271 7170
26271 996
7170 6273
996 7272
26277 3843
26277 6876
26277 83706
3843 51719
3843 6147
54984 51021
54984 55841
54984 7332
54984 9377
5837 8560
5511 9833
26511 8940
6119 29935
6119 55159
6119 5557
2668 2675
266812 5764
5764 51631
2669 9260
9260 6696
9260 7169
51035 83932
84447 338
84447 9709
9709 6477
26993 54894
29978 51141
7311 6850
7321 27343
7321 7138
7321 8569
27030 4292
4292 54859
27036 9618
8503 8660
3702 914
51744 962
5336 640
5336 7462
6850 3601
6850 5450
6850 54900
6850 973
7535 54900
7535 952
7535 974
925 915
925 926
6722 4824
6722 51008
6722 8538
6722 9759
27086 57459
57459 8360
57459 8367
7124 3458
7124 6868
27258 2938
2938 6482
27306 3101
64780 81876
27335 8666
27339 3836
3836 3556
3836 5079
27340 9858
27343 4595
4595 29935
2735 51684
51684 2736
51684 57333
2737 7291
27429 2778
2770 6001
6001 51205
8490 2773
2783 79607
79607 81533
2791 59345
59345 2793
2804 57562
57562 4023
283987 57596
283987 5932
57596 5768
5932 5933
5932 60436
284 7010
7010 285
7010 7075
7010 9046
28514 4242
2869 554
2869 5957
2869 624
2869 6623
2869 6869
2869 6915
2888 4893
4893 83593
28952 8904
5063 9459
4133 2906
2904 64130
2904 8825
8825 51678
2906 8831
55729 57724
55729 63971
6840 3801
6840 9644
7026 53335
29087 7023
7023 3149
7023 4782
29126 5133
29126 941
941 940
941 942
3579 6374
3914 3909
3914 3918
63967 8924
2961 6908
2963 5431
5431 51741
5431 84246
2971 51510
2975 6829
2975 9191
9191 51622
9191 5274
29760 868
868 7182
29843 9759
9759 3475
9759 4801
9759 51616
9759 55165
9759 5524
9759 5980
9759 5994
29844 83444
83444 79913
29855 3021
3021 55870
29890 7134
7134 7137
29927 338
338 335
338 55738
29950 7099
7099 7100
29966 85369
29986 8514
5293 84331
5293 951
3087 6663
3603 3750
3603 3772
3603 4660
5478 54458
5478 5618
5478 682
5716 8339
6778 55139
6778 57333
8360 3622
8360 9031
8367 30827
8367 3622
8367 5926
51363 58528
7472 64121
5217 5564
6299 6657
79915 5984
4790 5971
5434 5435
5434 5441
5436 5440
55726 65123
55726 865
307 9397
9397 596
3075 3684
3075 91746
3684 3383
3684 7070
3684 83700
30811 9135
30820 3750
335 3240
335 3929
335 5360
6663 4222
6663 51450
6663 6938
5699 5696
5699 5698
85365 6717
3105 6890
6890 3134
6890 51567
6890 5696
6890 5698
6890 6891
3109 3122
3109 972
3122 4155
3122 972
972 3113
972 3115
3113 3115
3133 3824
6891 84262
3164 6258
6258 816
6927 340543
6927 85415
320 774
3205 5089
6886 4066
6886 863
4628 3996
89796 9882
3240 51279
3240 9961
5147 403
5147 5739
328 5423
328 661
3281 51019
6598 5977
6598 6760
6598 9757
5500 51729
5500 5504
63922 5984
9643 57634
9564 4323
9564 80725
64754 816
79577 57498
79577 607
79577 8355
7138 7137
3929 9139
3929 9739
55738 51715
3383 3559
3559 3560
55052 52
6150 4706
6150 55969
7284 523
3398 5933
3398 7264
340061 3428
340061 4864
340061 6048
340061 6836
340061 7105
340061 81502
340061 8879
340543 4929
340543 5573
5573 5567
3420 3421
3420 6311
3433 3434
347 81488
81488 51751
81488 8525
3476 4281
4312 7035
4314 50859
5054 53353
3512 973
973 640
973 974
3554 59307
5265 5644
8741 608
3560 3718
841 5584
9051 471
9051 914
3718 3575
3574 3575
3569 3570
3569 5008
5008 9180
3600 3601
55742 3987
3622 5926
5926 51742
5706 51528
3658 5684
5684 5687
3665 4615
3665 9935
83700 3687
4323 6695
4323 7078
3959 928
56899 3695
9448 55083
5156 90525
3692 5160
3692 6888
3692 873
5160 8526
914 962
914 963
7222 7220
7222 7225
7223 7225
90627 576
3953 54741
9513 54726
9513 875
3778 3779
3778 8912
5564 6624
5564 6897
5564 84108
7323 4214
7323 54914
5971 8239
5971 86
3840 5879
5879 4952
5879 8997
3861 667
667 55914
667 865
9958 3887
9958 4200
9958 9810
928 975
4771 6016
4771 90780
397 399
3987 5178
3987 56999
3991 6770
6770 4925
3996 4179
839 9891
9459 66000
9459 826
4077 8878
8878 6167
8878 63915
4836 824
4836 9478
860 865
4093 54893
4093 5859
9063 9075
8614 4185
4110 54431
4110 8715
4129 4801
4801 6900
50488 59
4146 4147
4149 7391
6648 66002
9255 5917
8678 60412
8678 80183
4174 4176
64785 51659
4176 4331
4331 7726
7220 4599
7220 5311
7003 51442
7037 5869
4223 7432
80204 80303
4294 634
4296 9371
54880 51341
7035 4321
7058 7059
6402 51705
6402 5420
862 6938
862 7325
5537 55291
6727 55968
4683 50484
50484 6241
627 4908
473 7994
5687 5693
7322 51132
7322 55159
7322 80196
7322 84231
4760 5307
50943 84148
4803 4804
5931 8819
6223 91582
824 7145
824 826
4842 5213
5213 5211
487 7332
487 8660
6197 6611
9232 51434
9232 754
9232 8697
9232 9700
5202 5203
5709 5714
5709 80227
5000 7520
7520 7155
5033 8079
8079 64210
5045 51172
51172 8560
5046 6257
6257 729540
6241 6240
6241 899
55072 51362
6633 79760
6633 79833
79833 79760
5093 64431
55147 8899
9533 64425
51100 7405
7405 5289
5424 5425
5424 84296
5425 6666
8560 55233
51205 54978
54978 871
51244 9775
5125 5367
92344 51478
92344 57410
9404 55272
51324 56474
51324 66036
56474 6168
8661 8668
51592 8355
8355 80349
6748 55969
51678 54512
54512 55627
962 8807
962 8809
5201 55020
924 5297
924 6398
924 9342
5305 7006
5311 55690
710 715
710 716
53339 7289
53339 85363
7289 65125
640 974
54778 7325
54778 92912
5413 5414
55619 57381
6128 6159
6233 8239
84296 9837
65123 57592
80789 79034
54457 6884
6884 6878
54472 84181
54505 79735
682 9122
65125 55778
65125 9750
55004 823
823 8804
5524 93649
55233 9113
93649 57591
7410 9412
55585 79102
55644 84520
8668 6095
596 6647
6134 6780
5585 905
55914 8036
55929 9628
6340 6338
6340 9099
7343 8379
7786 5996
80184 84461
5630 5961
5634 5635
5649 7436
5714 80227
84262 5686
64770 80254
5692 5695
56950 6208
5696 5698
79023 79902
5730 5731
5730 5737
5731 5733
5731 5737
57472 9337
8496 8499
5889 7517
729540 8028
5914 5984
5914 7155
5984 5982
5984 5985
5934 8804
6878 6877
5982 5985
6338 9099
64601 8417
64949 84132
6938 9242
6843 9218
6863 7032
6920 9501
9863 92
7062 80303
715 713
715 716
713 714
943 944
728642 81669
7572 81576
7572 84284
8165 89876
826 9551
8795 8797
915 917
915 926
940 942
