1 10549
10549 1192
10549 5052
10549 54935
10549 6280
10549 8452
1000 2898
1000 91653
2898 2900
2898 5562
10001 23091
10001 4088
10001 5469
10001 604
10001 6871
23091 1025
23091 5430
23091 5431
23091 5469
23091 57801
23091 9439
23091 9442
23091 9969
4088 10664
4088 10992
4088 11059
4088 1147
4088 1432
4088 1655
4088 2099
4088 2186
4088 23054
4088 25942
4088 284058
4088 28984
4088 29072
4088 4734
4088 4953
4088 51523
4088 54778
4088 5576
4088 55914
4088 5836
4088 6175
4088 64750
4088 675
4088 6938
4088 7465
4088 8021
4088 8242
4088 8312
4088 8313
4088 83737
4088 83861
4088 9191
4088 9815
5469 23054
5469 6256
5469 6257
5469 6871
5469 9282
5469 9439
5469 9440
5469 9970
604 22992
604 51341
604 51564
604 9440
6871 10432
6871 149371
6871 22938
6871 24148
6871 4841
6871 51362
6871 5432
6871 56946
6871 8449
6871 84726
6871 9282
6871 9439
6871 9440
6871 9584
10002 6256
6256 10902
6256 23054
6256 5451
6256 64324
6256 9318
6256 9970
10005 4609
4609 10025
4609 1021
4609 10580
4609 10644
4609 11336
4609 1503
4609 1937
4609 22868
4609 22984
4609 23198
4609 23528
4609 24148
4609 2547
4609 25902
4609 26155
4609 26354
4609 2648
4609 27229
4609 3070
4609 3091
4609 3185
4609 3646
4609 3654
4609 4436
4609 4601
4609 4650
4609 4691
4609 55127
4609 55622
4609 613
4609 6502
4609 6598
4609 6599
4609 6877
4609 7020
4609 7150
4609 7277
4609 7314
4609 7486
4609 7529
4609 79707
4609 80055
4609 8089
4609 8517
4609 9063
10006 2242
10006 3932
10006 4067
10006 5264
10006 64787
10006 6654
10006 6709
10006 7525
10006 773
10006 868
2242 3566
2242 5719
3932 1234
3932 2100
3932 2185
3932 26191
3932 27040
3932 27071
3932 27240
3932 345757
3932 356
3932 3560
3932 3702
3932 3718
3932 3937
3932 4068
3932 50619
3932 50852
3932 52
3932 5336
3932 54900
3932 54923
3932 55114
3932 55824
3932 5588
3932 5788
3932 5921
3932 7409
3932 7454
3932 7535
3932 79930
3932 8751
3932 9047
3932 9094
3932 914
3932 916
3932 921
3932 925
3932 931
3932 940
3932 952
3932 962
3932 973
3932 974
4067 1438
4067 1445
4067 1493
4067 2204
4067 356
4067 3560
4067 3717
4067 4836
4067 4868
4067 5588
4067 6850
5264 10950
5264 1173
5264 1460
5264 25870
5264 26001
5264 2783
5264 389677
5264 5372
5264 57179
5264 6218
5264 6426
5264 7407
5264 87
6654 10250
6654 1398
6654 1956
6654 2099
6654 30011
6654 4582
6654 4690
6654 50618
6654 613
6654 6335
6654 8440
6654 867
6709 2010
6709 2596
6709 3326
6709 4215
6709 4747
6709 50944
6709 51466
6709 52
6709 5303
6709 6280
6709 8452
7525 3691
7525 51206
7525 7159
773 10950
773 1173
773 1460
773 4851
773 6218
773 782
773 87
773 9360
868 10010
868 26003
868 2885
868 30011
868 4690
868 4734
868 5336
868 7189
868 8440
868 8792
10008 5859
5859 10014
5859 8503
5859 9020
10010 3735
10010 7186
3735 7965
7186 10382
7186 170082
7186 23099
7186 249
7186 25988
7186 26133
7186 30011
7186 3305
7186 3308
7186 3312
7186 3316
7186 3705
7186 54469
7186 55209
7186 5601
7186 6197
7186 64943
7186 7189
7186 7314
7186 805
7186 8517
7186 85302
7186 857
7186 8717
7186 8772
7186 943
7186 9726
10011 10521
10011 8648
10521 2033
10521 25782
10521 54487
10521 8452
10521 8648
10521 9636
8648 196
8648 2908
8648 2959
8648 5594
8648 6722
8648 7025
8648 9611
10013 10049
10013 203068
10013 22933
10013 285761
10013 53635
10013 5501
10049 22933
10049 5236
10049 8452
10049 8453
203068 1029
203068 10971
203068 11035
203068 22933
203068 4294
203068 4791
203068 4793
203068 57787
203068 701
203068 7272
203068 7532
203068 8453
203068 8655
203068 9419
22933 2303
22933 2997
22933 5947
22933 6118
22933 84148
22933 8668
22933 997
285761 2923
5501 127544
5501 343521
5501 4000
5501 5077
5501 5610
5501 5894
5501 60
5501 7157
5501 83862
5501 83939
5501 84080
5501 8454
5501 84919
5501 997
100130086 6310
6310 10865
6310 1153
6310 170082
6310 1760
6310 23001
6310 23051
6310 23060
6310 23264
6310 31
6310 3303
6310 404734
6310 4946
6310 51701
6310 5184
6310 54472
6310 57563
6310 6307
6310 7341
6310 7791
6310 84726
6310 9253
10014 121504
10014 2657
10014 26986
10014 3309
10014 3959
10014 5034
10014 5720
10014 6125
10014 6129
10014 6189
10014 7531
10014 7532
121504 10399
121504 151636
121504 25842
121504 4204
121504 4738
121504 55167
121504 55193
121504 7158
2657 11059
2657 7343
26986 10036
26986 10397
26986 10766
26986 10987
26986 1654
26986 22827
26986 3476
26986 4691
26986 51366
26986 7534
3309 1025
3309 23411
3309 5966
3309 841
3309 9564
3959 23197
3959 29110
3959 3014
3959 3688
3959 4738
3959 8717
3959 9641
3959 9768
5034 409
5034 51547
5034 81502
5720 10075
5720 10383
5720 10436
5720 328
5720 5429
5720 5687
5720 5721
5720 6119
5720 7319
5720 7414
6125 23076
6125 26019
6125 6135
6129 10987
6189 23524
6189 4087
6189 55723
6189 8065
7531 25776
7531 4033
7531 493
7531 51306
7531 64092
7531 7029
7531 8356
7531 90799
7532 10036
7532 122786
7532 1937
7532 23095
7532 27342
7532 3276
7532 3983
7532 4174
7532 5318
7532 54882
7532 55095
7532 55110
7532 5582
7532 56623
7532 6602
7532 7159
7532 7846
7532 8352
7532 8356
7532 8358
7532 85377
7532 9181
7532 9774
10015 2185
10015 25930
10015 2885
2185 2885
2185 5829
2185 5921
2885 10451
2885 11176
2885 147179
2885 1748
2885 1912
2885 1951
2885 1994
2885 2064
2885 2065
2885 22794
2885 2549
2885 259
2885 287
2885 2886
2885 2887
2885 29886
2885 351
2885 3838
2885 3856
2885 3875
2885 4233
2885 51082
2885 51371
2885 5287
2885 54149
2885 5445
2885 55114
2885 5573
2885 5621
2885 57190
2885 5799
2885 5829
2885 5921
2885 610
2885 6195
2885 6300
2885 669
2885 6855
2885 7410
2885 8631
2885 8939
2885 9187
2885 9699
2885 9712
2885 9768
10016 3014
3014 10111
3014 10131
3014 10189
3014 1072
3014 128240
3014 1386
3014 1994
3014 2
3014 2140
3014 25790
3014 25870
3014 26275
3014 309
3014 3608
3014 409
3014 472
3014 4738
3014 4804
3014 5069
3014 545
3014 54617
3014 5478
3014 5496
3014 5589
3014 5599
3014 5648
3014 5691
3014 5692
3014 6335
3014 6595
3014 6925
3014 7158
3014 79035
3014 79913
3014 80142
3014 8338
3014 8353
3014 8607
3014 8894
3014 9131
3014 9588
3014 9782
3014 9987
10019 1956
10019 919
1956 10067
1956 10451
1956 1072
1956 1299
1956 1398
1956 1839
1956 2060
1956 2824
1956 284119
1956 2887
1956 2934
1956 30011
1956 3226
1956 3875
1956 4233
1956 4582
1956 4690
1956 4919
1956 5336
1956 5337
1956 54206
1956 5569
1956 5575
1956 5587
1956 5787
1956 660
1956 6774
1956 6777
1956 7039
1956 7345
1956 818
1956 8440
1956 857
1956 858
1956 867
1956 9021
1956 9146
1956 9368
1956 9590
1956 9655
919 10376
919 23528
919 259197
919 4690
919 7535
919 84174
919 867
919 9846
10020 7704
7704 10253
7704 2033
7704 2623
7704 2908
7704 3075
7704 3569
7704 4215
7704 5708
7704 5873
7704 6667
7704 7572
7704 862
7704 8894
7704 9611
7704 983
10023 1855
10023 8645
1855 1857
1855 4734
1855 6385
1855 8312
1855 85409
10025 55090
55090 400569
55090 51586
55090 5433
55090 5436
1003 2151
1003 3791
1003 5787
1003 7431
2151 1511
2151 25
2151 2534
2151 58494
2151 83700
3791 1439
3791 182
3791 2277
3791 2321
3791 2324
3791 2534
3791 308
3791 3690
3791 5336
3791 5777
3791 660
3791 857
3791 8829
5787 1272
5787 2549
5787 2690
5787 4914
5787 5159
5787 7010
5787 7341
7431 10625
7431 10971
7431 1400
7431 1647
7431 23650
7431 23762
7431 23774
7431 26135
7431 28965
7431 3691
7431 3872
7431 3983
7431 5317
7431 5566
7431 6117
7431 6455
7431 6622
7431 7494
7431 867
100302736 114609
100302736 1994
114609 23020
114609 23304
114609 369
1994 10140
1994 10160
1994 10299
1994 10498
1994 1051
1994 10672
1994 10724
1994 10780
1994 10921
1994 10955
1994 10970
1994 11158
1994 11200
1994 114908
1994 124935
1994 125950
1994 127933
1994 132660
1994 1362
1994 140890
1994 143279
1994 1457
1994 152503
1994 160287
1994 1654
1994 1655
1994 167227
1994 1783
1994 1933
1994 1979
1994 1998
1994 201895
1994 2079
1994 22863
1994 22900
1994 23059
1994 23142
1994 23390
1994 23411
1994 23431
1994 23476
1994 255967
1994 26130
1994 26269
1994 26272
1994 27154
1994 27332
1994 2764
1994 2802
1994 28964
1994 29072
1994 29966
1994 331
1994 3460
1994 3842
1994 4090
1994 4591
1994 472
1994 481
1994 4820
1994 493856
1994 51028
1994 51074
1994 51199
1994 51257
1994 51306
1994 51592
1994 51780
1994 5252
1994 5412
1994 54497
1994 54517
1994 54542
1994 54665
1994 54878
1994 55038
1994 55082
1994 5532
1994 55662
1994 55719
1994 5573
1994 5576
1994 55832
1994 5586
1994 56256
1994 56929
1994 57146
1994 57563
1994 58508
1994 5902
1994 5934
1994 599
1994 6046
1994 6198
1994 6307
1994 6431
1994 64328
1994 64708
1994 64924
1994 64946
1994 66036
1994 6609
1994 6634
1994 6636
1994 668
1994 6741
1994 677
1994 6774
1994 6789
1994 6938
1994 7019
1994 7023
1994 7025
1994 7323
1994 7332
1994 7341
1994 7716
1994 7750
1994 7764
1994 79016
1994 79085
1994 79228
1994 79646
1994 79666
1994 79719
1994 79877
1994 80212
1994 81542
1994 84056
1994 8498
1994 85437
1994 8545
1994 8570
1994 8607
1994 8649
1994 8766
1994 8821
1994 9044
1994 9112
1994 91369
1994 92912
1994 93380
1994 9439
1994 9475
1994 9522
1994 9528
1994 9581
1994 9867
1994 9879
1994 9908
1994 9960
1994 9987
10036 126961
10036 2547
10036 5295
10036 55723
10036 6117
10036 641
10036 8208
10036 8352
10036 8356
10036 8358
10036 890
126961 10919
126961 23774
126961 4204
126961 7290
126961 7862
126961 84733
126961 9212
2547 367
2547 4809
2547 51588
2547 5252
2547 55629
2547 5826
2547 65057
2547 7014
2547 7203
2547 8353
2547 90861
5295 10040
5295 11217
5295 139716
5295 1601
5295 1759
5295 2004
5295 22974
5295 2318
5295 2321
5295 23336
5295 2534
5295 2690
5295 2776
5295 3554
5295 3667
5295 3815
5295 4311
5295 445815
5295 4638
5295 5156
5295 5159
5295 5175
5295 6358
5295 6453
5295 6925
5295 7010
5295 7048
5295 7075
5295 7275
5295 7857
5295 8038
5295 8928
5295 9228
5295 940
5295 9509
55723 4175
55723 51035
55723 5931
55723 8208
55723 8353
6117 11100
6117 11144
6117 3068
6117 4171
6117 4175
6117 4176
6117 55159
6117 641
6117 6597
6117 7486
6117 7507
641 1111
641 2956
641 4436
641 5888
641 7157
641 7486
641 7516
8208 246175
8208 8353
8208 8815
8352 10498
8352 10919
8352 114799
8352 1385
8352 1788
8352 23028
8352 23234
8352 23476
8352 23741
8352 26155
8352 3068
8352 4678
8352 5252
8352 54623
8352 5928
8352 5977
8352 6597
8352 6749
8352 7862
8352 80349
8352 8318
8352 8360
8352 8367
8352 84678
8352 84733
8352 9014
8352 9219
8356 10498
8356 10919
8356 23476
8356 3068
8356 5977
8356 6418
8356 6597
8356 6749
8356 7862
8356 8318
8356 8338
8356 8360
8356 8363
8356 8367
8356 8451
8356 84733
8356 9031
8356 9219
8358 10498
8358 10524
8358 114799
8358 1788
8358 23028
8358 23234
8358 26155
8358 3068
8358 4678
8358 5252
8358 54623
8358 5928
8358 5977
8358 6597
8358 6749
8358 7862
8358 79813
8358 8318
8358 8360
8358 8367
8358 84678
8358 84733
8358 9014
8358 9219
890 1164
890 1869
890 1874
890 2237
890 4605
890 4998
890 51191
890 5933
890 672
890 675
890 6925
890 7157
890 81620
890 9656
890 9768
890 983
890 991
890 995
890 996
10040 10630
10040 1213
10040 23272
10040 2534
10040 8411
1213 10938
1213 23163
1213 4792
1213 5829
1213 6613
1213 7329
23272 1173
2534 10262
2534 1264
2534 1266
2534 1272
2534 139716
2534 1439
2534 1601
2534 2295
2534 2318
2534 25
2534 2889
2534 2903
2534 2908
2534 3563
2534 3575
2534 3728
2534 3815
2534 4659
2534 4739
2534 4915
2534 5159
2534 5175
2534 5310
2534 5786
2534 5788
2534 7070
2534 7225
2534 7294
2534 7456
2534 857
2534 9228
2534 948
2534 9672
2534 9793
2534 983
8411 8607
8411 9765
10042 7389
7389 11124
10044 4739
4739 23557
4739 25
10048 23054
10048 408
10048 5499
10048 54994
10048 5597
23054 10432
23054 25782
23054 5925
23054 7150
23054 9439
23054 9584
408 10783
408 134147
408 134957
408 156
408 160851
408 2194
408 23099
408 29766
408 31
408 3303
408 3304
408 3312
408 3320
408 382
408 3895
408 4214
408 5494
408 55661
408 6553
408 6721
408 7314
408 8899
408 8943
408 9774
5499 11215
5499 140831
5499 1741
5499 2026
5499 26133
5499 286262
5499 3312
5499 4841
5499 5509
5499 5514
5499 5925
5499 63971
5499 6780
5499 8178
5499 8408
5499 8726
5499 90673
5499 9814
5499 9825
5499 983
5597 1434
5597 22938
5597 25920
5597 3326
5597 5573
5597 6621
5597 6885
5597 7203
5597 7337
5597 7514
5597 780
5597 80232
5597 896
5236 6271
5236 6280
8452 10189
8452 10314
8452 10342
8452 10574
8452 10575
8452 10598
8452 10856
8452 10969
8452 10980
8452 11124
8452 11137
8452 11188
8452 11273
8452 11275
8452 113115
8452 114049
8452 1153
8452 1211
8452 124801
8452 129831
8452 138716
8452 1656
8452 1915
8452 1938
8452 1975
8452 2010
8452 22827
8452 22894
8452 23112
8452 23185
8452 23246
8452 23365
8452 23405
8452 23543
8452 2512
8452 2584
8452 26086
8452 26528
8452 27161
8452 27339
8452 283742
8452 28973
8452 29894
8452 3251
8452 3301
8452 3308
8452 3608
8452 3837
8452 3841
8452 400
8452 4736
8452 509
8452 51121
8452 51239
8452 51253
8452 51726
8452 5213
8452 5339
8452 5371
8452 54460
8452 54487
8452 5478
8452 54931
8452 55213
8452 55215
8452 5531
8452 553115
8452 5610
8452 56252
8452 5686
8452 56886
8452 5700
8452 5701
8452 5704
8452 57542
8452 5831
8452 5917
8452 5939
8452 60485
8452 6122
8452 6132
8452 6138
8452 6139
8452 6147
8452 6182
8452 6206
8452 6390
8452 64151
8452 64928
8452 64963
8452 6510
8452 6520
8452 65263
8452 6627
8452 6631
8452 6636
8452 6637
8452 6711
8452 6742
8452 6760
8452 7266
8452 7284
8452 7407
8452 7415
8452 79070
8452 79672
8452 79751
8452 8021
8452 80222
8452 81887
8452 8216
8452 84107
8452 84706
8452 84790
8452 84991
8452 8668
8452 8833
8452 8886
8452 89890
8452 908
8452 9093
8452 9131
8452 9184
8452 9212
8452 92609
8452 92799
8452 9343
8452 9520
8452 9555
8452 9774
8452 9775
8452 9867
8452 9898
8453 1029
8453 10342
8453 10492
8453 10950
8453 11124
8453 11146
8453 112950
8453 123228
8453 129285
8453 1503
8453 150684
8453 1677
8453 23
8453 23532
8453 25940
8453 2597
8453 26098
8453 3301
8453 3853
8453 3868
8453 4733
8453 5093
8453 5094
8453 5204
8453 54165
8453 5935
8453 6280
8453 6390
8453 6431
8453 6631
8453 6741
8453 7030
8453 7295
8453 7415
8453 79070
8453 80737
8453 84790
8453 8878
10051 10592
10051 23310
10051 23397
10051 51547
10051 64151
10051 9918
10592 10783
10592 23310
10592 23397
10592 23468
10592 3015
10592 64151
10592 8793
23310 54892
23397 64151
23397 9212
23397 9918
51547 10189
51547 10813
51547 10969
51547 23367
51547 23469
51547 24137
51547 2512
51547 3301
51547 3308
51547 4628
51547 4747
51547 4860
51547 55031
51547 55193
51547 55661
51547 56252
51547 57122
51547 6147
51547 6389
51547 63893
51547 6421
51547 6427
51547 6428
51547 64794
51547 6711
51547 6730
51547 7082
51547 7158
51547 7284
51547 7415
51547 7453
51547 79026
51547 8021
51547 8237
51547 85441
51547 9203
51547 9669
51547 9698
51547 9898
64151 11156
64151 5424
64151 9918
10052 27134
27134 7082
10053 22983
10053 351
10053 51295
10053 6337
22983 10556
22983 351
22983 5728
351 1282
351 1284
351 1285
351 25825
351 27242
351 2923
351 2934
351 2963
351 3339
351 375790
351 6622
351 7159
351 9911
51295 22976
51295 57559
10054 26135
10054 4738
10054 5903
10054 7189
26135 7157
4738 10236
4738 10383
4738 10980
4738 149603
4738 1503
4738 23008
4738 26043
4738 26273
4738 3006
4738 54165
4738 5476
4738 5683
4738 5687
4738 6208
4738 6923
4738 7314
4738 79699
4738 80204
4738 80344
4738 8294
4738 8336
4738 8363
4738 84309
4738 84861
4738 8517
4738 89890
4738 9730
4738 9978
5903 11214
5903 29843
5903 7157
5903 9759
5903 9972
7189 10728
7189 10892
7189 11171
7189 123283
7189 1917
7189 1936
7189 2263
7189 22868
7189 23382
7189 23765
7189 3035
7189 3276
7189 3312
7189 3313
7189 3394
7189 3665
7189 3872
7189 409
7189 4141
7189 4481
7189 5110
7189 51154
7189 54764
7189 55027
7189 5550
7189 55651
7189 55905
7189 55920
7189 5599
7189 5694
7189 5777
7189 6203
7189 6205
7189 6233
7189 6622
7189 6624
7189 6902
7189 6921
7189 7009
7189 7332
7189 7345
7189 7416
7189 867
7189 8792
7189 9446
7189 9861
10056 3068
3068 11335
3068 1938
3068 2091
3068 23076
3068 3008
3068 3065
3068 4691
3068 4733
3068 51202
3068 55210
3068 55720
3068 55726
3068 55920
3068 5928
3068 5984
3068 6139
3068 6146
3068 6430
3068 6632
3068 6732
3068 6741
3068 6749
3068 7341
3068 8353
3068 8360
3068 84295
3068 9567
10059 23410
23410 126133
23410 1466
23410 152110
23410 23409
23410 26119
23410 545
23410 55183
23410 6305
23410 675
23410 83590
23410 8924
10061 23243
23243 3190
23243 4853
23243 7273
10062 23411
10062 9611
23411 1111
23411 1778
23411 202333
23411 2033
23411 2309
23411 23097
23411 3297
23411 51142
23411 51341
23411 51742
23411 5297
23411 5436
23411 5599
23411 56672
23411 64376
23411 64839
23411 7088
23411 80854
23411 8863
23411 9575
23411 9611
23411 9759
9611 10847
9611 1105
9611 1602
9611 2010
9611 2033
9611 4287
9611 4898
9611 5757
9611 5978
9611 6667
9611 6938
9611 7936
9611 8360
9611 8819
9611 9612
9611 9975
10063 55183
10063 84987
55183 10084
55183 10542
55183 1201
55183 23474
55183 23640
55183 3163
55183 3315
55183 5050
55183 5201
55183 5216
55183 57664
55183 6176
55183 6183
55183 64968
55183 6997
55183 7083
55183 9001
10067 10413
10413 2033
10413 23558
10413 26524
10413 4086
10413 4090
10413 5784
10413 6335
10413 7003
10413 861
10413 8626
10413 9368
10072 3312
3312 10808
3312 29110
3312 3064
3312 3303
3312 3320
3312 4486
3312 5481
3312 55832
3312 573
3312 5925
3312 6950
3312 7203
3312 7337
3312 8557
3312 9146
3312 9768
10073 5830
10073 7514
5830 25913
5830 672
5830 847
5830 949
7514 1201
7514 1654
7514 2146
7514 3267
7514 332
7514 4771
7514 4925
7514 4998
7514 55143
7514 5955
7514 6772
7514 7153
7514 9972
10075 25862
10075 8239
25862 10527
25862 1069
10076 2773
10076 2775
10076 8541
2773 11063
2773 4924
2773 60626
2775 2916
2775 4924
2775 8490
10084 10907
10084 5957
10084 8175
10907 10713
5957 6299
5957 7048
5957 857
5957 9815
8175 10262
8175 1665
8175 23451
8175 51503
8175 5546
8175 58517
8175 83443
10085 3685
3685 10298
3685 2149
3685 3491
3685 3690
3685 4313
3685 4811
3685 5156
3685 5354
3685 550
10087 23421
10087 5573
23421 116983
23421 3065
23421 3693
23421 4790
23421 5160
23421 65109
23421 7466
23421 78987
5573 10541
5573 10564
5573 11215
5573 11216
5573 340543
5573 5566
5573 5982
5573 7329
5573 80854
5573 9867
10093 10094
10093 10109
10093 81873
10093 92912
10094 116985
10109 10095
10109 10096
10109 154007
10109 7307
10109 79598
81873 10912
92912 331
10095 60
60 10694
60 10856
60 10971
60 1104
60 1265
60 1460
60 2010
60 2091
60 221184
60 2275
60 4000
60 51129
60 5216
60 54434
60 54617
60 55832
60 585
60 5879
60 6118
60 6282
60 6462
60 6810
60 6882
60 7169
60 7170
60 7248
60 7428
60 7965
60 8065
60 829
60 85464
60 8655
60 8842
60 9274
10102 7534
7534 10576
7534 10694
7534 10987
7534 11345
7534 140
7534 16
7534 226
7534 23286
7534 25962
7534 3313
7534 3315
7534 3836
7534 3875
7534 4216
7534 5058
7534 5108
7534 55177
7534 5591
7534 5800
7534 6132
7534 654364
7534 7024
7534 7086
7534 7163
7534 7278
7534 79084
7534 8148
7534 8370
7534 8607
7534 8667
7534 9734
7534 9768
7534 9775
7534 995
10106 6615
6615 10217
6615 23028
6615 3066
6615 4193
6615 4851
7307 10921
7307 6100
7307 7422
10111 4193
10111 5981
4193 10471
4193 10614
4193 10724
4193 114088
4193 22890
4193 23291
4193 23429
4193 25898
4193 2778
4193 2810
4193 28996
4193 3093
4193 3480
4193 367
4193 4201
4193 472
4193 5315
4193 54971
4193 55602
4193 55658
4193 55749
4193 5694
4193 5702
4193 5710
4193 6157
4193 6271
4193 6277
4193 64219
4193 64326
4193 7327
4193 79813
4193 8445
4193 9459
4193 9908
5981 1019
5981 1460
5981 472
5981 5982
5981 63922
10112 9212
9212 10403
9212 1058
9212 151648
9212 220134
9212 26524
9212 29127
9212 332
9212 3619
9212 55143
9212 55869
9212 55958
9212 83540
9212 83903
9212 983
9212 991
10114 1385
10114 2318
10114 3985
10114 409
10114 79753
1385 1107
1385 1387
1385 1390
1385 2033
1385 2736
1385 3209
1385 466
1385 5991
1385 6197
1385 6722
1385 8721
2318 220213
2318 25
2318 339855
2318 3751
2318 51778
2318 6196
2318 6444
2318 825
2318 90102
2318 91977
3985 6093
3985 8476
409 10528
409 2512
409 27336
409 3480
409 374291
409 4637
409 5286
409 55505
409 6185
409 6389
409 728
409 7529
409 79084
409 9128
79753 10210
79753 10921
79753 204851
79753 23451
79753 545
10116 10980
10116 8065
10980 1019
10980 1140
10980 129563
10980 163590
10980 1643
10980 1654
10980 1655
10980 2010
10980 2079
10980 2197
10980 23276
10980 26150
10980 27252
10980 2908
10980 3163
10980 5050
10980 5104
10980 51773
10980 55744
10980 5728
10980 57542
10980 57563
10980 6132
10980 6181
10980 6811
10980 6923
10980 7572
10980 79641
10980 79699
10980 80228
10980 8065
10980 81890
10980 8723
10980 9126
10980 9275
10980 9839
10980 9978
10980 9987
8065 10130
8065 10498
8065 10598
8065 122809
8065 140460
8065 1509
8065 163590
8065 1654
8065 1665
8065 201965
8065 23276
8065 26118
8065 3006
8065 4676
8065 51028
8065 51138
8065 51665
8065 5431
8065 54606
8065 55015
8065 5566
8065 57542
8065 6132
8065 6157
8065 6181
8065 6224
8065 6234
8065 6626
8065 6633
8065 6923
8065 7046
8065 7428
8065 79576
8065 80351
8065 8336
8065 8363
8065 84188
8065 8467
8065 8835
8065 9275
8065 9530
8065 9616
8065 9987
10128 7030
10128 8900
7030 11331
7030 231
7030 4673
7030 7415
8900 11273
8900 1164
8900 30968
8900 57510
8900 6502
8900 8454
8900 991
8900 993
10130 5564
5564 10726
5564 11140
5564 1727
5564 23406
5564 25873
5564 4942
5564 5202
5564 5550
5564 5563
5564 5702
5564 6122
5564 6165
5564 6203
5564 6624
5564 7812
5564 8566
5564 9520
10131 5925
10131 7048
10131 7170
5925 10294
5925 1051
5925 10620
5925 1432
5925 1997
5925 23028
5925 23468
5925 23741
5925 2444
5925 25
5925 26574
5925 29882
5925 3146
5925 4176
5925 4194
5925 5076
5925 51341
5925 5478
5925 57786
5925 5929
5925 5934
5925 6872
5925 81579
5925 835
5925 93621
5925 9643
7048 11167
7048 1601
7048 5156
7048 7041
7048 7043
7048 7049
7048 83942
7048 891
7048 9392
7048 94
7048 983
7170 7416
10133 10318
10133 171017
10133 51678
10133 56648
10133 7187
10133 8291
10318 4791
10318 7124
10318 7187
51678 10657
51678 83658
51678 90417
56648 1630
7187 27350
7187 355
7187 4055
7187 4363
7187 4791
7187 55504
7187 64343
7187 7098
7187 7132
7187 7874
7187 8784
7187 8837
7187 9020
8291 301
8291 88
10134 10952
10134 10971
10134 4628
10134 5311
10134 596
10952 27230
10952 439
10952 51608
10971 10298
10971 103910
10971 1130
10971 147700
10971 1612
10971 1653
10971 1676
10971 200186
10971 27237
10971 2810
10971 3030
10971 3364
10971 3872
10971 3939
10971 4000
10971 4116
10971 4352
10971 5211
10971 5216
10971 54820
10971 5590
10971 57521
10971 581
10971 6036
10971 6144
10971 6181
10971 6431
10971 6543
10971 6624
10971 6742
10971 7407
10971 7408
10971 84335
10971 8566
10971 8761
10971 89953
4628 324
4628 4163
4628 4215
4628 6667
4628 8517
5311 10456
5311 5310
5311 7220
596 3265
596 3708
596 5599
596 578
596 92345
596 9530
10135 2512
10135 9246
2512 1173
2512 55707
9246 127544
9246 23013
9246 9636
10138 2553
10138 7027
10138 84333
10138 84678
7027 286826
7027 7157
84333 64319
84678 8454
10140 125950
10140 3185
3185 4154
3185 9219
10142 2902
10142 805
10142 808
2902 1759
2902 5520
805 10274
805 139818
805 1741
805 23576
805 2778
805 2886
805 3320
805 4215
805 51406
805 5887
805 5898
805 6667
805 7222
805 7273
805 8517
805 8717
805 8721
808 118
808 119
808 1795
808 2914
808 3781
808 4791
808 50488
808 5745
808 5899
808 5962
808 5971
808 6548
808 6667
808 7124
808 7222
808 801
808 84033
808 898
808 9020
808 9657
10146 1207
10146 134430
10146 8337
134430 9908
8337 648
10152 10163
10152 30011
10152 53616
10152 5879
10152 8440
10163 10458
10163 55660
30011 10250
30011 10657
30011 11168
30011 1398
30011 1452
30011 23085
30011 23109
30011 25792
30011 2782
30011 3055
30011 4174
30011 50618
30011 50807
30011 51133
30011 51433
30011 51621
30011 55114
30011 56904
30011 57648
30011 65059
30011 65979
30011 79649
30011 867
30011 9055
30011 93343
30011 9414
53616 7529
5879 10787
5879 10988
5879 11021
5879 11113
5879 1793
5879 23568
5879 397
5879 4216
5879 5578
5879 55845
5879 6242
5879 6249
5879 7204
5879 729873
5879 7410
5879 89781
8440 10657
8440 1937
8440 1948
8440 3987
8440 6335
10153 3902
10153 4801
10153 6778
4801 4261
4801 7157
4801 7161
10155 10782
10155 10856
10155 5521
10155 59348
10155 8013
10856 10471
10856 1386
10856 283899
10856 4215
10856 4311
10856 5437
10856 81572
10856 83444
10856 8607
5521 116224
5521 5518
10156 90861
90861 1959
55660 10250
55660 10262
55660 11100
55660 114793
55660 23352
55660 23451
55660 4054
55660 4204
55660 51729
55660 5272
55660 55740
55660 6018
55660 6421
10168 7428
7428 10273
7428 10726
7428 11030
7428 11101
7428 11127
7428 125988
7428 1654
7428 200185
7428 27335
7428 28985
7428 3093
7428 51504
7428 51552
7428 51596
7428 51719
7428 54499
7428 54797
7428 5495
7428 55249
7428 56005
7428 5683
7428 5689
7428 5702
7428 5719
7428 57805
7428 58477
7428 6119
7428 6282
7428 64928
7428 682
7428 6923
7428 7323
7428 7332
7428 7335
7428 80306
7428 8344
7428 84300
7428 8724
7428 8835
7428 8985
7428 8994
7428 91369
7428 9978
10169 11030
11030 10922
11030 113878
11030 54472
11030 9319
1017 2237
1017 4173
1017 4605
1017 5933
1017 595
1017 81620
1017 9134
1017 990
2237 983
4173 23594
4173 4171
4605 1869
4605 51701
4605 5933
5933 1021
5933 1869
595 1027
595 2099
595 26271
595 6714
595 672
595 8202
81620 1019
81620 1869
81620 4175
81620 4176
81620 5111
81620 51343
81620 6502
81620 7153
81620 7161
81620 983
990 11143
10174 1856
10174 54507
1856 6993
54507 27229
10179 5518
5518 151648
5518 26127
5518 2906
5518 29888
5518 4087
5518 5378
5518 5519
5518 5531
5518 5536
5518 57650
5518 57787
5518 900
1018 11140
11140 1163
11140 348
11140 56950
11140 5886
11140 6294
11140 6794
11140 84106
11140 9361
10189 10212
10189 7919
10212 7919
10212 84324
7919 140890
7919 84324
1019 1032
1019 115426
1019 23253
1019 4171
1019 5687
1019 5926
1019 79084
1019 79159
115426 3093
23253 1936
4171 1021
4171 25843
4171 29894
4171 4172
4171 4174
4171 4175
4171 4176
4171 4796
4171 4998
4171 55388
4171 5885
4171 6749
4171 79016
5687 11047
5687 4163
5687 5683
5687 5684
5687 5688
5687 5693
5687 5694
5687 80204
5687 899
5687 9861
5926 23741
5926 51742
5926 9191
79084 140739
79084 56259
79084 6628
10196 3190
10197 11200
10197 284058
10197 6915
11200 10926
11200 11171
11200 2305
11200 23408
11200 26524
11200 4194
11200 4436
11200 51564
11200 5347
11200 5515
11200 55869
11200 6925
11200 7157
11200 9025
11200 993
284058 54477
6915 5894
10198 65125
65125 10746
65125 27327
65125 375484
65125 55835
65125 7289
102 152503
102 2923
152503 8038
152503 8751
2923 29927
2923 3688
2923 4017
2923 5351
2923 6513
2923 811
1020 1027
1020 140545
1020 25
1020 5604
1020 5813
1020 8936
1027 7248
1027 8451
1027 997
140545 10724
25 10262
25 11183
25 126669
25 2295
25 2550
25 284086
25 2889
25 29886
25 3815
25 4969
25 5310
25 5530
25 5587
25 57506
25 5901
25 7275
25 81857
25 857
25 91746
25 9228
5604 1432
10200 26574
10200 7064
10200 84060
26574 26039
26574 5934
84060 4331
84060 6607
10204 24140
24140 27335
24140 302
24140 3276
24140 353
24140 55161
24140 55920
24140 5682
24140 5902
24140 6205
24140 6624
24140 8607
10208 8161
8161 23254
8161 57542
8161 60491
8161 6613
8161 705
8161 80321
8161 84708
8161 89953
8161 9457
1021 10580
1021 2002
1021 23175
1021 53335
1021 55147
1021 56478
1021 63925
1021 6434
1021 6660
1021 7884
1021 9686
10580 10657
10580 3643
10580 5062
10580 867
2002 1051
2002 25843
2002 2887
2002 3065
2002 3397
2002 5606
2002 6622
2002 6722
2002 9063
2002 9344
23175 5465
53335 3065
53335 9219
55147 10250
55147 2975
55147 7277
6660 2495
6660 7265
9686 7003
10210 25942
10210 5371
10210 9667
25942 285440
25942 3094
25942 4034
25942 4084
25942 5036
25942 51132
25942 5204
25942 5371
25942 5757
25942 6595
25942 6597
25942 6872
25942 7181
5371 1029
5371 140691
5371 2000
5371 22976
5371 27252
5371 355
5371 4084
5371 51564
5371 5325
5371 5970
5371 6839
5371 7015
5371 7341
5371 8454
5371 8805
5371 9443
9667 2521
9667 6294
10211 55212
10211 867
867 10277
867 10657
867 1080
867 1398
867 1399
867 2629
867 28988
867 3815
867 4627
867 4643
867 4690
867 50807
867 5777
867 613
867 6335
867 6947
867 7846
867 84174
867 8792
84324 9768
10213 11047
10213 5684
10213 5707
10213 5709
10213 5713
10213 5717
10213 5718
10213 9641
11047 26517
11047 5052
11047 5683
11047 5710
11047 6185
5684 10963
5684 1958
5684 3320
5684 4163
5684 5230
5684 5682
5684 5686
5684 5688
5684 5699
5684 5887
5684 6636
5684 7203
5684 8517
5684 9647
5684 9861
5707 5468
5707 5702
5707 5713
5707 5886
5707 9641
5709 5716
5709 5718
5709 7337
5713 4287
5713 5688
5713 9768
5717 9861
5718 801
5718 9861
9641 10241
9641 142
9641 3336
9641 3551
9641 4860
9641 54732
9641 55854
9641 5721
9641 6182
9641 6741
9641 6745
9641 7086
9641 7334
9641 7341
9641 7873
1022 1025
1022 2965
1022 302
1025 10236
1025 10620
1025 10644
1025 124790
1025 22938
1025 22948
1025 26747
1025 2896
1025 2962
1025 29969
1025 4436
1025 5300
1025 63967
1025 64777
1025 6596
1025 7157
1025 904
1025 9204
1025 9320
2965 2072
2965 4331
2965 54462
2965 63971
302 6277
302 6281
10228 8673
10228 8674
8673 6810
10238 658
10238 7533
658 2661
658 3547
658 57522
7533 124739
7533 23327
1024 7067
1024 9862
7067 23426
7067 6258
7067 9862
10241 11143
10241 112858
10241 11345
10241 114822
10241 29110
10241 79797
10241 84708
11143 57332
11143 6204
11143 8370
112858 4163
112858 55644
11345 1892
11345 4905
11345 6187
11345 6945
11345 7086
11345 96459
114822 387
29110 10576
29110 1540
29110 3313
29110 3320
29110 4734
29110 6135
29110 6137
29110 6202
29110 6222
29110 6500
29110 79065
79797 1857
79797 23641
79797 27309
79797 4188
79797 57819
79797 80321
84708 222484
84708 23348
84708 373
84708 401251
84708 51074
84708 55722
84708 59349
84708 65220
84708 65264
84708 7444
84708 9319
84708 94103
10247 3096
3096 2548
3096 51107
3096 5599
3096 6774
22938 5934
22938 6919
22938 904
22938 988
22948 10250
22948 10989
22948 11035
22948 11321
22948 192670
22948 25843
22948 3476
22948 387082
22948 5524
22948 7157
2896 3101
2896 7528
2896 9768
2962 4488
2962 55729
2962 58190
2962 904
4436 1111
4436 2648
4436 2956
4436 382
4436 49856
4436 5378
4436 5590
4436 7157
4436 7507
5300 1654
5300 23589
5300 4792
5300 64852
5300 79586
5300 8666
5300 8841
5300 9757
5300 996
63967 1111
63967 2956
63967 5347
63967 672
63967 8914
63967 991
64777 4089
64777 7322
6596 257218
7157 1029
7157 11100
7157 114034
7157 117584
7157 1410
7157 1452
7157 1647
7157 1780
7157 2475
7157 259266
7157 26523
7157 2956
7157 3065
7157 3840
7157 387893
7157 4131
7157 5272
7157 5325
7157 5347
7157 53826
7157 55159
7157 5578
7157 55872
7157 57520
7157 580
7157 5867
7157 598
7157 60487
7157 613
7157 6154
7157 6273
7157 6303
7157 6598
7157 65990
7157 6670
7157 6720
7157 6996
7157 7020
7157 7251
7157 7296
7157 7345
7157 7486
7157 8178
7157 83637
7157 84148
7157 8550
7157 8805
7157 8837
7157 9014
7157 9219
7157 9338
7157 9412
904 10499
904 27125
904 4149
904 56257
904 6898
9320 22883
9320 4093
9320 8717
10250 10657
10250 6421
10250 6634
10250 9188
10657 10421
10657 1795
10657 26523
10657 3055
10657 3276
10657 3872
10657 4690
10657 6447
10657 6774
10657 8737
6421 10915
6421 3065
6421 4791
6421 4929
6421 7185
6634 11171
6634 140890
6634 1787
6634 6638
6634 8450
9188 4163
9188 4791
9188 56259
9188 801
10253 2200
10253 6335
10253 6453
2200 1462
2200 1634
2200 2006
2200 2199
2200 30008
2200 3339
2200 4015
2200 8076
6335 1072
6335 1299
6335 1398
6335 2059
6335 2184
6335 2824
6335 3308
6335 3480
6335 5159
6335 5303
6335 54206
6335 54602
6335 5710
6335 5777
6335 6777
6335 79026
6335 8404
6335 9146
6335 9590
6453 1601
6453 1759
6453 23414
6453 27185
6453 387119
6453 8867
6453 9810
10254 10617
10254 6430
10254 83737
10254 9610
10617 51510
10617 64750
10617 9319
10617 9685
6430 10891
6430 2908
6430 6732
83737 154796
83737 2066
83737 23678
83737 26528
83737 51429
83737 5431
83737 57599
83737 6299
83737 7442
83737 8678
83737 9113
1026 1457
1026 4217
1457 10808
1457 123169
1457 1654
1457 1933
1457 196441
1457 2288
1457 23076
1457 2764
1457 3320
1457 3576
1457 4298
1457 50848
1457 51073
1457 51177
1457 54521
1457 5511
1457 55677
1457 57062
1457 6137
1457 65095
1457 6872
1457 8473
1457 8665
1457 9616
4217 207
4217 7188
10262 23451
10262 8859
10262 9747
23451 10921
23451 4090
23451 55832
23451 7936
9747 8975
10263 3299
10263 8726
8726 26147
8726 308
7248 58
7248 6195
7248 8045
7248 8665
8451 11186
8451 149095
8451 23612
8451 6389
8451 6503
8451 8330
997 1390
997 1460
997 22809
997 26517
997 27335
997 51522
997 5500
997 6093
997 8945
997 9978
10273 10746
10273 11315
10273 207
10273 2308
10273 23640
10273 26277
10273 3310
10273 378884
10273 55585
10273 5710
10273 5728
10273 6622
10273 7335
10273 7957
10273 7965
10273 9532
10746 4215
10746 4792
10746 5586
10746 8517
11315 10869
11315 1108
11315 1616
11315 3066
11315 7329
207 11073
207 157310
207 2475
207 4296
207 5361
207 572
207 9479
207 9545
2308 5468
2308 7068
26277 161253
26277 27232
26277 29085
26277 5214
26277 55003
3310 64326
378884 178
378884 7321
5710 10422
5710 11065
5710 11228
5710 29924
5710 324
5710 4191
5710 54467
5710 5683
5710 5686
5710 5688
5710 5689
5710 56893
5710 5695
5710 5701
5710 5702
5710 5704
5710 5714
5710 5716
5710 5719
5710 57695
5710 6647
5710 7979
5710 9861
5728 1060
5728 10609
5728 1399
5728 2675
5728 3861
5728 81858
5728 9759
5728 9908
5728 9961
6622 10602
6622 23710
6622 4131
6622 5337
6622 6711
6622 7846
6622 9659
7335 6048
7965 1107
7965 5071
7965 9782
9532 23532
9532 4791
9532 4794
9532 5522
9532 7132
9532 7133
9532 7185
9532 8079
9532 9020
10274 10735
10274 23063
10274 4087
10274 4093
10735 23063
10735 23244
23063 23047
23063 23244
23063 54464
4087 10771
4087 162
4087 163126
4087 1653
4087 1874
4087 1915
4087 26286
4087 27018
4087 288
4087 3066
4087 4089
4087 4301
4087 51592
4087 5601
4087 56288
4087 5660
4087 6233
4087 6271
4087 6497
4087 672
4087 7554
4087 8021
4087 84687
4087 8878
4087 9146
4093 10905
4093 22943
4093 2313
4093 23650
4093 5069
4093 54893
4093 55611
4093 64374
4093 667
4093 6711
4093 79987
4093 90
4093 9839
10280 1201
10280 51248
1201 550
1201 9894
51248 2810
10284 51564
10284 54919
10284 9584
51564 2000
51564 25879
51564 3065
51564 30817
51564 3169
51564 5192
51564 5971
51564 64761
51564 7251
51564 7329
51564 7341
54919 10783
54919 382
54919 9391
54919 9500
9584 11338
9584 23020
9584 27044
9584 51755
9584 5411
9584 55832
9584 6157
9584 7341
9584 8454
10287 10755
10287 2771
10287 5594
10755 9276
2771 10636
2771 2782
5594 112399
5594 1386
5594 2033
5594 2549
5594 2624
5594 4089
5594 440574
5594 5515
5594 5581
5594 673
5594 6777
5594 8360
5594 85358
5594 857
5594 9759
10288 2209
10288 3105
10288 3106
10288 3134
2209 1399
2209 2204
2209 2214
2209 3055
2209 3937
2209 6850
3105 10859
3105 567
3105 5708
3105 6890
3105 821
3106 10859
3106 1435
3106 567
3134 10859
3134 567
3134 6890
10289 1029
10289 11034
10289 22929
10289 3276
10289 38
10289 51727
10289 5202
10289 54984
10289 56288
10289 5928
10289 801
10289 811
10289 9861
1029 1031
1029 2597
1029 29950
1029 3065
1029 4174
1029 4194
1029 5001
1029 5500
1029 55388
1029 57180
1029 5824
1029 6626
1029 6667
1029 7167
1029 7270
1029 7345
1029 7486
1029 8318
1029 84790
1029 84897
1029 84976
22929 54978
3276 2091
3276 3609
3276 5723
3276 6829
3276 8091
3276 8715
3276 9150
38 10987
51727 23043
5202 4215
5202 49856
5202 54984
5202 9924
54984 1476
54984 2197
54984 23076
54984 23406
54984 23560
54984 3925
54984 4116
54984 51373
54984 51596
54984 51639
54984 54205
54984 5479
54984 55333
54984 5693
54984 6152
54984 6165
54984 6217
54984 6223
54984 7295
54984 9341
54984 9377
56288 1445
56288 2810
56288 8655
56288 998
5928 10714
5928 121536
5928 161882
5928 23028
5928 286826
5928 3065
5928 3656
5928 387893
5928 5511
5928 55355
5928 579
5928 6598
5928 9219
801 11035
801 1159
801 26268
801 2914
801 4791
801 50488
801 548596
801 5899
801 6727
801 6929
801 8450
801 9994
811 958
9861 3315
9861 4163
9861 5688
9861 5691
9861 5695
9861 5887
2597 10963
2597 2033
2597 301
2597 3326
2597 367
2597 3693
2597 3910
2597 54622
2597 5592
2597 6280
2597 6517
2597 7341
2597 8454
2597 8522
2597 891
2597 9636
29950 11108
29950 9913
3065 1051
3065 10524
3065 11235
3065 118
3065 1410
3065 157570
3065 1643
3065 2146
3065 23028
3065 2623
3065 2624
3065 2737
3065 29098
3065 3280
3065 3475
3065 51422
3065 5347
3065 54880
3065 54998
3065 5563
3065 55806
3065 57649
3065 579
3065 5947
3065 64754
3065 6776
3065 8819
3065 8930
3065 9219
3065 991
4174 4172
4174 4175
4174 4176
4174 4998
4174 4999
4174 6749
4174 8367
4194 1452
4194 25898
4194 90678
5001 10926
5001 4176
5001 51061
55388 4001
55388 4172
55388 4175
55388 4176
55388 4999
55388 5077
55388 55722
55388 8317
55388 8318
55388 896
6626 10921
6626 11193
6626 4090
6626 471
6626 5496
6626 55832
6667 10382
6667 1051
6667 10713
6667 10905
6667 1107
6667 1281
6667 1655
6667 1870
6667 1997
6667 2033
6667 2101
6667 3066
6667 3159
6667 367
6667 4634
6667 4802
6667 54880
6667 5978
6667 6925
6667 7167
6667 7341
6667 8863
6667 891
6667 9612
7167 51377
7167 6280
7167 8454
7345 3872
7345 7846
7486 4176
7486 5575
7486 56897
7486 9533
8318 11073
8318 23594
8318 27095
8318 4172
8318 4175
8318 4176
8318 4998
8318 4999
8318 57172
84790 54165
84790 7341
84790 8454
84976 10564
10291 3611
10291 8841
10291 9140
10291 9734
3611 170506
3611 1717
3611 22820
3611 253260
3611 3315
3611 3987
3611 54442
3611 54726
3611 5689
3611 58477
3611 6251
3611 80895
3611 9276
3611 9559
8841 22907
8841 23081
8841 7528
8841 84106
8841 84164
8841 863
8841 9734
9140 3182
9140 8343
9734 23493
9734 8294
9734 8363
10293 55905
55905 9618
10294 3303
10294 3304
10294 6657
10294 7014
3303 10963
3303 3320
3303 3326
3303 6767
3303 7917
3303 8517
3304 10963
3304 118429
3304 29763
3304 3320
3304 3326
3304 54861
3304 7917
3304 8517
6657 7572
7014 1063
7014 124245
7014 1459
7014 161
7014 2079
7014 221400
7014 23594
7014 29115
7014 54386
7014 54971
7014 5514
7014 6194
7014 65057
7014 94104
10298 2810
10298 3984
2810 11187
2810 113878
2810 1975
2810 221035
2810 27246
2810 324
2810 51599
2810 581
2810 64326
2810 80346
2810 8470
2810 9721
103 9768
9768 10383
9768 10576
9768 10642
9768 10808
9768 10961
9768 1159
9768 1854
9768 1917
9768 192111
9768 1936
9768 2130
9768 22794
9768 22827
9768 22907
9768 23016
9768 23107
9768 23404
9768 25839
9768 29127
9768 3151
9768 3313
9768 3320
9768 3336
9768 3837
9768 3838
9768 4141
9768 4670
9768 506
9768 51121
9768 51428
9768 5230
9768 5393
9768 54512
9768 55661
9768 567
9768 5688
9768 5694
9768 5901
9768 6132
9768 6182
9768 6185
9768 6194
9768 6426
9768 6427
9768 64978
9768 6500
9768 6635
9768 6780
9768 740
9768 7529
9768 7756
9768 79672
9768 8148
9768 8370
9768 84298
9768 84321
9768 8683
9768 87
9768 8801
9768 8894
9768 92140
9768 9555
9768 9775
10302 6617
6617 23650
6617 3206
4791 1831
4791 3608
4791 4794
4791 55922
4791 5708
4791 5971
4791 6188
4791 6500
4791 7341
4791 790
4791 9020
4791 92609
4791 9919
7124 1435
7124 149420
7124 3458
7124 355
7124 4055
7124 51650
7124 6299
7124 6695
7124 7128
7124 7132
7124 8737
7124 9919
10325 57521
10325 64121
10325 8878
57521 10670
57521 6194
57521 8662
64121 8878
8878 10537
8878 114034
8878 25978
8878 2631
8878 444
8878 4615
8878 4780
8878 6737
8878 6776
8878 7763
8878 841
8878 84131
8878 8454
8878 9330
8878 9447
10326 6850
6850 1845
6850 3560
6850 3601
6850 3716
6850 3937
6850 5578
6850 5777
6850 6280
6850 6772
6850 7132
6850 84959
1033 1050
1033 983
1050 1874
1050 2130
1050 57096
1050 6613
1050 6663
983 10524
983 11178
983 1163
983 1601
983 1869
983 1894
983 2175
983 2305
983 29127
983 3159
983 332
983 3619
983 3832
983 4001
983 55165
983 55872
983 6241
983 672
983 675
983 699
983 7153
983 7317
983 800
983 81565
983 860
983 891
983 898
983 9133
983 9232
983 9585
983 9600
983 993
983 995
10335 4311
10335 5592
4311 116
4311 25840
4311 7402
5592 3708
5592 4659
5592 4881
5592 659
5592 7222
5592 80318
10342 55832
10342 8454
55832 10664
55832 10772
55832 10921
55832 11103
55832 11338
55832 114823
55832 1655
55832 1660
55832 1665
55832 2197
55832 23517
55832 25873
55832 26011
55832 26260
55832 3012
55832 3313
55832 404734
55832 5093
55832 51073
55832 51605
55832 51649
55832 51747
55832 51808
55832 5216
55832 5431
55832 54460
55832 54882
55832 55015
55832 57696
55832 6134
55832 6135
55832 6136
55832 6137
55832 6141
55832 6152
55832 6154
55832 6155
55832 6157
55832 6158
55832 6160
55832 6161
55832 6165
55832 6168
55832 6175
55832 6176
55832 6181
55832 6187
55832 6188
55832 6194
55832 6201
55832 6202
55832 6204
55832 6205
55832 6207
55832 6209
55832 6210
55832 6217
55832 6218
55832 6222
55832 6223
55832 6224
55832 6227
55832 6229
55832 6230
55832 6233
55832 6234
55832 6426
55832 6427
55832 6431
55832 64848
55832 64949
55832 65005
55832 6731
55832 6919
55832 708
55832 7150
55832 7341
55832 84310
55832 84319
55832 8939
55832 8985
55832 9045
55832 9782
55832 9908
55832 9958
55832 9978
55832 9987
8454 10575
8454 10949
8454 11124
8454 11137
8454 1153
8454 1191
8454 126433
8454 128710
8454 144699
8454 1503
8454 1677
8454 23066
8454 23318
8454 23367
8454 25797
8454 26156
8454 26190
8454 26260
8454 26263
8454 26267
8454 26273
8454 26993
8454 27161
8454 283927
8454 3301
8454 3308
8454 3757
8454 3852
8454 3868
8454 4076
8454 4794
8454 50813
8454 5378
8454 54165
8454 54888
8454 55131
8454 55226
8454 55646
8454 5685
8454 5708
8454 58512
8454 5917
8454 6390
8454 6431
8454 6637
8454 6741
8454 6742
8454 7184
8454 7295
8454 7415
8454 79866
8454 83461
8454 8969
8454 898
8454 92609
8454 9682
8454 9801
8454 993
10344 1230
1230 10488
1230 6347
10370 1387
1387 10499
1387 1052
1387 10616
1387 10691
1387 10847
1387 1875
1387 2260
1387 28996
1387 3661
1387 3665
1387 4089
1387 4297
1387 51621
1387 55728
1387 602
1387 6688
1387 6773
1387 7421
10376 7283
10376 90627
7283 29127
7283 51762
7283 5347
7283 55165
7283 672
7283 6925
90627 3326
90627 3708
90627 4867
90627 7277
10379 6773
10381 1104
10381 1937
10381 55957
1104 10574
1104 11124
1104 28989
1104 51150
1104 5315
1104 5757
1104 7917
1104 80308
1937 10425
1937 1933
1937 29970
1937 3035
1937 5802
1937 7341
55957 7029
10382 171546
10382 26260
10382 4794
10382 7132
10382 7341
10382 8517
10382 8717
26260 10574
26260 10575
26260 283237
26260 3301
26260 4141
26260 5214
26260 5700
26260 908
4794 3376
4794 404734
4794 5917
4794 5971
4794 7415
4794 790
4794 92609
7132 29979
7132 3030
7132 3301
7132 355
7132 3717
7132 4478
7132 4627
7132 4673
7132 4771
7132 55215
7132 5777
7132 5955
7132 6772
7132 6885
7132 7185
7132 7341
7132 8439
7132 9577
7341 1051
7341 10598
7341 10611
7341 10664
7341 11168
7341 113510
7341 1495
7341 1655
7341 196441
7341 196528
7341 2091
7341 220988
7341 23047
7341 23116
7341 23262
7341 23408
7341 23481
7341 26509
7341 27044
7341 27236
7341 2768
7341 2908
7341 2956
7341 29899
7341 3242
7341 330
7341 3654
7341 3852
7341 387893
7341 4286
7341 4733
7341 4763
7341 5080
7341 51602
7341 5465
7341 5468
7341 55131
7341 55143
7341 55226
7341 55326
7341 57697
7341 60468
7341 6152
7341 6188
7341 6217
7341 6299
7341 64135
7341 6648
7341 6651
7341 6749
7341 6925
7341 7068
7341 7150
7341 7175
7341 7572
7341 79026
7341 8202
7341 8312
7341 8353
7341 84033
7341 841
7341 84144
7341 8428
7341 8554
7341 8737
7341 8856
7341 8924
7341 9782
7341 9839
7341 9928
7341 9933
7341 9987
8517 1192
8517 1314
8517 1434
8517 170082
8517 2316
8517 23623
8517 26133
8517 2868
8517 292
8517 293
8517 3305
8517 3320
8517 3326
8517 50807
8517 51329
8517 51520
8517 55111
8517 6199
8517 6790
8517 6904
8517 7314
8517 7407
8517 8772
8517 8887
8517 9049
8517 9939
8717 10526
8717 11064
8717 28996
8717 292
8717 7314
8717 9131
10383 192669
10383 192670
10383 65057
192669 10927
192669 192670
192669 54726
192669 7280
192670 11224
192670 27327
192670 3183
192670 3716
192670 521
192670 55750
65057 10963
65057 2026
65057 3326
65057 3927
65057 55276
65057 57037
65057 6904
10384 1514
1514 1075
1514 7038
10392 30812
10392 842
10392 9500
30812 3725
30812 5460
842 54205
842 55154
9500 22820
9500 51608
9500 51660
9500 54472
9500 57805
9500 58477
9500 7917
9500 9253
10397 1173
10397 3939
10397 5315
10397 6224
10397 6472
10397 9276
1173 1460
3939 10524
5315 3326
5315 56915
6224 51177
9276 1314
9276 1315
9276 22820
9276 22908
9276 373156
10399 3566
10399 7982
3566 4005
7982 4792
10401 5241
10401 81603
5241 2099
81603 7188
81603 7681
10403 1062
10403 11130
10403 220134
10403 4085
10403 4751
10403 51421
10403 57405
10403 57658
10403 64946
10403 699
1062 1063
1062 220134
1062 83540
1062 9055
11130 147841
11130 4001
11130 51127
11130 57082
11130 57405
11130 701
11130 79980
220134 221150
220134 7277
4085 10537
4085 3297
4085 701
4085 991
4085 996
4751 114800
51421 2791
57405 147841
57658 2033
57658 4734
57658 8061
57658 8353
57658 9241
57658 9265
64946 64105
699 162
699 23408
699 5347
699 57082
699 83540
699 991
10411 4130
4130 11069
4130 1740
4130 27185
4130 3356
4130 4131
2033 1052
2033 1386
2033 1958
2033 2056
2033 2113
2033 23414
2033 2627
2033 26959
2033 2874
2033 2908
2033 3150
2033 3661
2033 3663
2033 4089
2033 4208
2033 4209
2033 4330
2033 5092
2033 5430
2033 54988
2033 55728
2033 5966
2033 6418
2033 6839
2033 6886
2033 6925
2033 6934
2033 6935
2033 7158
2033 7392
2033 8360
2033 860
2033 8925
26524 6790
26524 9113
26524 92597
4086 23269
4086 26151
4086 29068
4086 4089
4086 84085
4086 9091
4090 4734
4090 51523
4090 54893
4090 7554
4090 79723
4090 85313
4090 864
4090 9839
5784 122769
5784 7082
7003 4205
7003 4208
7003 6722
861 204851
861 23522
861 25937
861 6839
861 6886
8626 128
8626 153090
8626 6925
9368 1244
9368 7430
9368 8915
10419 6605
6605 10498
6605 4204
6605 55636
6605 57492
6605 6598
6605 6599
6605 6601
6605 6602
6605 6613
6605 7023
10421 134147
10421 23418
10421 24148
134147 1974
134147 7205
24148 7529
10422 28985
10423 6176
10423 7133
6176 11165
6176 25874
6176 6181
6176 7178
6176 7280
6176 79760
7133 29979
7133 4049
7133 498
7133 6772
7133 7185
7133 929
7133 9319
10425 51619
10425 7323
10425 7332
51619 10498
51619 113878
51619 23295
51619 54778
51619 57169
51619 6047
51619 6048
51619 7706
51619 80019
51619 93664
51619 9616
7323 1627
7323 223082
7323 23285
7323 331
7323 4792
7323 54778
7323 55819
7323 6047
7323 7337
7323 7706
7323 85363
7323 8926
7323 93664
7332 23624
7332 331
10427 10484
10427 11236
10427 79443
10484 5127
10484 9871
11236 10987
11236 11160
79443 2010
79443 29919
10428 2130
2130 1660
2130 3159
2130 3693
2130 387923
2130 4723
2130 4841
2130 5108
2130 51755
2130 6505
2130 79733
10436 306
10436 54977
10436 5695
5695 51377
5695 5685
5695 5688
5695 5691
5695 5692
5695 5694
5695 5696
5695 5698
10444 4292
4292 127262
4292 154796
4292 163
4292 4637
4292 54859
4292 5887
4292 81617
4292 8857
10445 79571
79571 1822
79571 79869
10451 2065
10451 2099
10451 387
10451 6098
2065 5921
2065 8412
2065 8503
2065 9542
2099 10499
2099 30836
2099 367
2099 5595
2099 5770
2099 6714
2099 6908
2099 7494
2099 8202
2099 9219
387 50649
387 613
387 79658
387 8795
10454 3308
10454 7266
3308 10963
3308 134266
3308 3757
3308 4306
3308 7265
3308 7415
3308 93649
3308 9555
10456 55367
10456 9978
55367 10541
55367 4176
55367 9894
9978 1643
9978 23291
9978 253260
9978 254170
9978 26043
9978 26232
9978 26259
9978 26273
9978 54165
9978 54556
9978 55658
9978 5683
9978 64326
9978 6923
9978 8139
10457 50618
50618 10607
50618 23085
50618 23360
50618 2804
50618 5764
50618 58513
50618 6455
50618 7110
50618 7204
50618 8491
50618 8976
50618 9873
10460 2648
10460 6790
10460 8458
10460 9793
2648 1051
2648 5591
2648 83860
6790 11004
6790 22974
6790 22994
6790 332
6790 3832
6790 4830
6790 5347
6790 6648
6790 672
6790 6925
6790 7334
6790 83540
6790 8945
6790 9793
6790 991
6790 994
8458 1810
8458 24137
9793 4690
10463 10499
10499 10847
10499 3800
10499 51366
10499 545
10499 6898
10466 25839
25839 23256
10467 1432
10467 1460
10467 7158
1432 1459
1432 27429
1432 4149
1432 4820
1432 54472
1432 55362
1432 5595
1432 5599
1432 6171
1432 677
1432 9972
1460 10724
1460 10921
1460 11124
1460 163183
1460 221545
1460 23258
1460 23478
1460 29959
1460 324
1460 466
1460 5096
1460 51124
1460 5590
1460 56647
1460 58491
1460 7155
1460 7329
1460 7917
1460 8665
1460 8930
1460 90864
1460 9150
1460 9397
1460 9616
1460 975
7158 165918
7158 4750
7158 7329
7158 8360
7158 8655
7158 9759
10471 8704
10473 6280
6280 10626
6280 11244
6280 1198
6280 134492
6280 159686
6280 1975
6280 2053
6280 222194
6280 23014
6280 23528
6280 244
6280 253959
6280 340533
6280 3419
6280 4190
6280 4478
6280 51119
6280 51466
6280 5214
6280 55337
6280 55646
6280 57680
6280 6279
6280 6300
6280 6431
6280 6456
6280 64793
6280 64897
6280 6601
6280 6623
6280 6888
6280 7392
6280 7402
6280 7453
6280 9588
6280 9919
10475 7324
10475 7325
7324 23376
7324 254225
7324 4850
7324 51127
7324 51132
7324 51191
7324 55182
7324 64320
7324 84959
7325 51191
7325 55182
7325 9025
10476 3396
3396 10632
3396 124995
3396 1468
3396 23203
3396 23438
3396 26995
3396 285367
3396 28973
3396 29093
3396 292
3396 3313
3396 4163
3396 4860
3396 506
3396 51001
3396 51081
3396 51264
3396 51649
3396 5245
3396 5250
3396 6182
3396 6389
3396 7019
3396 7284
3396 7384
3396 7416
3396 79922
3396 80273
3396 8402
3396 9093
3396 9361
10477 1147
10477 23321
10477 4116
10477 4281
10477 4780
10477 494470
10477 51191
10477 55159
10477 55182
10477 57484
10477 6047
10477 6233
10477 79016
10477 84937
10477 9025
10477 9604
1147 10627
1147 26133
1147 3064
1147 4214
1147 51362
1147 5781
1147 6155
1147 7182
1147 7329
1147 8518
23321 2709
23321 7322
23321 84062
4116 10921
4116 65109
4116 7555
4116 9670
4281 11043
4281 3476
4281 538
4281 6188
4780 5578
494470 7322
51191 2068
51191 5308
51191 7296
51191 891
51191 898
51191 9636
55182 7874
6047 3093
6047 55293
6233 27342
6233 50484
6233 6048
6233 64750
79016 158
79016 5562
9025 4999
9025 9682
9604 8031
10480 23043
10480 5394
10480 8662
10480 8665
23043 51639
23043 9141
5394 1797
5394 23435
5394 26019
5394 56915
8662 1654
8662 26019
8662 27335
8662 6194
8662 8665
8662 8668
8665 114907
8665 1977
8665 27335
8665 6462
8665 84726
8665 9470
10482 30000
10482 6428
6428 5094
5127 7917
10487 71
71 2357
71 55607
71 8767
10488 10567
10488 2010
10488 7851
10567 53916
10567 57106
10567 5861
10567 7280
10567 79890
10567 84067
2010 1108
2010 1499
2010 4000
2010 51691
2010 56647
2010 56998
2010 57819
2010 64395
2010 6599
2010 84661
2010 8815
2010 91746
2010 9774
10489 54165
54165 10492
54165 124801
54165 1654
54165 23008
54165 23318
54165 3852
54165 440
54165 57799
54165 80311
54165 8450
54165 8539
54165 90957
54165 9802
10492 7812
10492 90019
7812 8793
7812 9159
10494 25843
10494 4734
25843 1400
25843 26127
25843 4650
25843 5519
25843 57464
25843 84246
4734 113174
4734 146691
4734 1654
4734 271
4734 2887
4734 4215
4734 51256
4734 5159
4734 51735
4734 55083
4734 55346
4734 55728
4734 56941
4734 57610
4734 64750
4734 6789
4734 80727
4734 80762
4734 81488
4734 8463
4734 84851
4734 9014
4734 9616
4734 9693
10498 1051
10498 6597
10498 6598
10498 6602
10498 8312
1051 1054
1051 3159
1051 3872
1051 4602
1051 6195
1051 6595
1051 6598
1051 6689
1051 6776
1051 834
1051 860
1051 9252
1051 9439
6597 10661
6597 2175
6597 23309
6597 23476
6597 51510
6597 5977
6597 6598
6597 6602
6597 6774
6597 6929
6597 7110
6597 8289
6598 10912
6598 3622
6598 4204
6598 5971
6598 5977
6598 6602
6598 6760
6598 7023
6598 898
6598 9412
6602 57492
6602 5977
6602 6601
6602 6760
6602 79155
6602 8289
8312 10813
8312 139285
8312 1452
8312 1601
8312 23291
8312 324
8312 51339
8312 54778
8312 64750
8312 80351
8312 8313
8312 85458
8312 860
51366 11073
51366 1642
51366 26043
51366 3837
51366 6714
51366 6917
51366 9730
545 11073
545 3981
545 4683
545 472
545 51550
545 5290
545 5884
545 9112
545 988
1874 1820
1874 1869
1874 8945
6613 10989
6613 117246
6613 1820
6613 201595
6613 2186
6613 3099
6613 3838
6613 396
6613 51742
6613 5430
6613 55775
6613 60528
6613 6830
6613 7430
6613 79366
6613 80209
6613 80755
6613 8242
6613 8365
6613 9984
6663 3200
6663 51450
6663 5460
10507 5788
5788 3683
5788 3718
5788 3937
5788 5790
5788 6504
5788 7006
5788 7454
5788 7535
5788 914
5788 920
5788 925
5788 940
5788 973
3159 1459
3159 23594
3159 4800
3159 4998
3872 10928
3872 11124
3872 2631
3872 2707
3872 3853
3872 3855
3872 396
3872 4478
3872 51283
3872 6502
3872 7398
3872 835
3872 840
3872 9191
4602 26190
6195 1975
6195 23589
6195 2764
6195 4904
6195 51808
6195 5496
6195 7249
6595 57492
6595 5977
6595 64393
6595 6925
6595 8815
6595 8819
6689 3662
6689 6741
6776 1398
6776 2690
6776 3717
6776 5479
6776 5771
6776 6774
6776 85480
6776 9111
834 114769
834 3553
834 58484
834 837
860 2113
860 23522
860 2353
860 4488
860 891
9252 114928
9252 2115
9252 4137
9439 219541
9439 23369
9439 9969
10513 10607
10513 11167
10514 10987
10987 10940
10987 22827
10987 22907
10987 26354
10987 26471
10987 27067
10987 27132
10987 285429
10987 29088
10987 3110
10987 3313
10987 3615
10987 5393
10987 54876
10987 5591
10987 6156
10987 6921
10987 8148
10987 9530
10987 9684
10987 9730
10519 5881
5881 27101
5881 29959
5881 3097
5881 51389
5881 9879
1052 6688
25782 10914
25782 29882
25782 3064
25782 324
25782 373156
25782 51780
25782 6118
25782 6927
9636 10960
9636 11274
9636 23586
9636 24138
9636 2633
9636 3433
9636 3434
9636 3437
9636 4089
9636 4599
9636 51056
9636 5610
9636 5641
9636 6772
9636 7086
9636 7318
9636 84159
9636 85441
10522 26173
10522 5887
26173 54973
26173 57508
26173 79871
5887 7337
5887 9039
10524 1869
10524 1909
10524 2120
10524 23256
10524 266812
10524 3021
10524 322
10524 4790
10524 55257
10524 56901
10524 64127
10524 6910
10524 78987
10524 8089
1869 11073
1869 1786
1869 1820
1869 29028
1869 3054
1869 5036
2120 9846
23256 23326
266812 28986
266812 5764
266812 9001
3021 57332
3021 84733
322 10946
322 1729
322 23450
322 51466
4790 10627
4790 1832
4790 3836
4790 4793
4790 65123
55257 26122
55257 3015
55257 6944
64127 51109
64127 5529
10525 4163
4163 10959
4163 11164
4163 11235
4163 1192
4163 1454
4163 2273
4163 25932
4163 27101
4163 30968
4163 3251
4163 327
4163 3954
4163 4215
4163 4793
4163 51021
4163 51504
4163 5213
4163 55856
4163 5691
4163 6197
4163 64928
4163 6902
4163 7086
4163 7174
4163 7284
4163 7415
4163 9040
4163 9462
10526 6728
6728 3843
10528 4670
10528 4691
10528 55299
10528 56342
10528 6606
10528 6607
10528 81027
4670 3187
4670 6427
4691 142
4691 23076
4691 4627
4691 6741
4691 6929
4691 7849
55299 9578
6606 23589
6606 506
6606 51380
6606 54920
6606 55049
6606 55738
6606 6128
6606 6607
6606 9013
6606 9759
6607 23589
6607 506
6607 51690
6607 54920
6607 57418
6607 5930
6607 85440
6607 9759
81027 11186
10529 7791
7791 5479
7791 6721
7791 7409
7791 87
10533 5286
5286 7086
10534 79025
10534 8924
79025 11007
8924 165918
8924 7337
8924 84461
8924 9656
10537 51667
51667 5708
51667 9627
10538 3727
3727 122953
10539 25865
10539 5590
10539 8601
25865 23462
5590 10813
5590 2956
5590 3654
5590 3667
5590 5553
5590 58491
5590 90933
5590 9397
5590 9638
8601 200081
8601 2781
10541 56257
56257 10594
56257 3836
56257 3839
56257 51663
56257 57805
56257 57819
56257 64852
56257 79066
56257 9092
10542 23593
1192 2035
1192 515
1192 527
5052 27244
5052 3661
5052 7295
5052 8945
54935 1627
54935 6464
10563 2833
10563 643
2833 4283
2833 6352
643 6348
643 6351
643 6352
10564 23265
10564 2562
23265 11007
23265 90410
57106 57002
5861 1122
5861 23539
5861 51042
5861 826
5861 85377
5861 9135
7280 60626
7280 79020
79890 274
10574 29966
10574 301
10574 509
10574 5531
10574 5908
10574 64326
10574 6950
29966 10694
29966 908
301 11124
301 51377
301 9757
509 1386
509 64219
5531 10694
5531 23524
5531 55210
5531 5966
5531 7917
5531 8985
5908 9757
64326 10694
64326 200186
64326 7203
6950 10575
6950 3326
6950 7203
10575 11321
10575 5516
10575 5522
10575 898
11321 3188
11321 51566
11321 55011
11321 55718
11321 7507
11321 8725
11321 908
5516 55006
5516 5520
5516 80143
5522 908
898 2305
898 367
898 6502
898 6604
898 675
898 7984
898 8450
898 993
10576 5885
5885 1642
5885 3007
5885 3837
5885 5591
5885 57805
5885 5901
5885 6156
5885 6191
5885 8370
5885 9700
10579 8850
8850 6198
8850 7110
8850 8353
8850 8464
1058 11335
1058 1730
1058 2491
1058 55355
1058 55839
1058 79172
1058 79801
1058 80829
1058 9493
1058 9589
11335 10919
11335 3008
11335 4288
11335 5430
11335 54816
11335 5971
11335 8353
11335 8805
11335 8815
2491 79172
55355 10989
55355 5931
55839 79172
79172 54550
79172 57082
79801 221302
80829 9020
9493 1894
9493 29127
9493 5347
9493 9055
9493 9101
3643 8660
5062 1981
5062 23193
5062 5683
5062 6147
5062 8294
5062 8360
10589 51726
10589 6935
10589 8928
10589 9638
51726 11124
51726 161742
51726 197131
51726 7917
51726 80321
9638 4232
9638 56944
9638 57223
9638 580
9638 79685
9638 80178
23468 23394
23468 25936
23468 6874
23468 78994
8793 1660
8793 4522
10594 1660
1660 5970
1660 8932
10598 373156
373156 22820
373156 22930
373156 3189
373156 3301
373156 3351
373156 400
373156 5093
373156 51692
373156 55081
373156 57805
373156 58477
373156 6184
373156 6510
373156 6627
373156 7419
373156 9782
10600 8294
10600 8340
10600 8363
10600 8367
8294 27043
8294 5896
8294 80764
8294 8338
8294 8349
8294 8357
8294 9031
8363 27043
8363 5595
8363 5896
8363 6418
8363 80764
8363 8338
8363 8349
8363 8357
8363 9031
8367 23234
8367 4175
8367 8355
10608 6945
6945 908
10614 51574
10616 7706
10616 9306
7706 23586
9306 64750
51510 57132
51510 7701
64750 23534
64750 50810
64750 54778
64750 57111
64750 64975
64750 7980
64750 821
64750 83605
9319 55093
9319 57559
9319 60491
9319 65999
9319 8778
9685 11337
9685 57559
10618 1398
10618 3482
1398 1399
1398 1793
1398 1795
1398 2060
1398 23136
1398 4690
1398 50807
1398 51375
1398 55114
1398 58512
1398 613
1398 64780
1398 6936
1398 7159
1398 85358
1398 8976
1398 9757
1063 81565
83540 27111
9055 24137
9055 29127
9055 5347
10623 661
661 5435
661 5437
661 5600
661 9533
10625 2023
10625 5217
2023 226
2023 3688
5217 339344
10628 3838
3838 10989
3838 1434
3838 2495
3838 3837
3838 51176
3838 57175
3838 9643
3838 9733
10634 25913
25913 134492
25913 218
25913 54386
25913 54915
25913 57118
25913 57834
25913 677
25913 84000
10635 79728
79728 672
79728 675
10636 27289
10636 7454
27289 5361
27289 57449
27289 64764
7454 2268
7454 2533
7454 26191
7454 3055
7454 3059
7454 3702
7454 3937
7454 5800
7454 5880
7454 695
7454 8874
7454 9051
10640 382
10640 57143
382 1131
382 25980
382 26269
382 3692
382 4678
382 57510
382 6235
382 9266
10652 51272
10652 6811
51272 1314
6811 8773
1795 4690
3055 1785
3055 27
3055 356
3055 3937
3055 50807
3055 55750
3055 6774
3055 7251
3055 9564
4690 10787
4690 1815
4690 1894
4690 1912
4690 2175
4690 22974
4690 23266
4690 23483
4690 2571
4690 25920
4690 2690
4690 2799
4690 284086
4690 3224
4690 3400
4690 5077
4690 50807
4690 51375
4690 5293
4690 57648
4690 58512
4690 6137
4690 64240
4690 7846
4690 79723
4690 84172
4690 85358
4690 858
4690 9046
4690 9229
4690 9757
6774 3091
6774 3455
6774 3570
6774 3654
6774 5771
6774 6775
6774 7852
6774 85480
8737 148022
8737 26994
8737 3305
8737 331
10661 5566
10661 8289
5566 2764
5566 5170
5566 80331
5566 84687
8289 7023
10664 4904
10664 6872
10664 7023
10664 8243
4904 5496
4904 7422
6872 129685
6872 23348
6872 2957
6872 324
6872 5934
6872 6883
6872 7343
7023 10919
7023 23051
7023 23523
7023 29842
7023 58525
7023 79595
8243 221656
8243 23130
8243 23244
8243 5422
8243 8467
8243 8480
8243 9656
10668 5192
10670 50807
50807 5747
50807 6456
10672 5576
10672 5580
10672 9960
5576 9472
5580 3315
5580 3320
5580 7529
9960 8666
1069 410
410 9514
10691 55729
55729 1464
55729 23499
55729 2960
55729 5310
55729 57724
55729 6711
55729 6801
10694 3476
3476 11043
3476 23612
3476 5537
3476 908
10713 11017
10713 64318
10713 9410
10714 7181
7181 1108
7181 7182
7181 9112
1072 6093
1072 84817
6093 1400
6093 4659
84817 2035
84817 8655
10726 1999
10726 23291
10726 26100
10726 4215
10726 7416
10726 8945
1999 3716
1999 3725
23291 10845
23291 23192
23291 3097
23291 4792
23291 5978
26100 284697
26100 29888
4215 23327
4215 2549
4215 2969
4215 4659
4215 4792
4215 51474
4215 54504
4215 5837
4215 6217
4215 6711
4215 6925
4215 8607
4215 92609
7416 1159
7416 548596
7416 8767
8945 10844
8945 23555
8945 2737
8945 28996
8945 3297
8945 3587
8945 4089
8945 55031
8945 5618
8945 9232
8945 993
10728 3320
10728 405
10728 56950
10728 6834
10728 836
3320 10910
3320 10963
3320 2064
3320 2288
3320 2322
3320 25855
3320 26973
3320 3326
3320 5481
3320 6500
3320 7334
3320 79003
3320 9049
405 3091
836 5610
10733 55835
55835 9662
23244 23047
10743 1647
10743 84838
1647 1107
1647 197131
1647 355
1647 4478
1647 5111
1647 5465
1647 5914
1647 8543
1647 8570
10745 3219
3219 4188
4792 219541
5586 5170
10747 5648
5648 6197
5648 710
1075 8530
8530 1508
10750 2057
2057 6464
10768 7414
10768 84132
7414 2934
7414 6383
7414 7094
7414 7220
7414 7223
7414 7225
7414 7846
7414 87
84132 60488
84132 8895
10771 3191
3191 11091
3191 1434
3191 3131
3191 3181
3191 4094
3191 51176
3191 54461
3191 5725
10772 6625
6625 9406
10787 55845
10787 7529
7529 221937
7529 23189
7529 26031
7529 26064
7529 3691
7529 3875
7529 51305
7529 5245
7529 55095
7529 57679
7529 57703
7529 5994
7529 613
7529 637
7529 673
7529 83732
7529 84451
7529 85377
7529 9759
108 2778
2778 8607
1080 5562
1080 613
5562 2475
5562 57664
5562 7846
613 2887
613 3091
613 6932
613 9546
10808 3326
10808 5230
10808 5970
10808 7410
3326 16
3326 226
3326 26973
3326 3178
3326 4190
3326 4926
3326 5230
3326 5481
3326 7317
3326 7936
3326 9049
5970 11331
5970 1459
5970 26993
5970 2959
5970 3146
5970 4141
5970 4221
5970 468
5970 5465
5970 5971
5970 5977
5970 6908
5970 79918
5970 8202
5970 8554
5970 8557
5970 8651
7410 26130
10813 1363
10813 399
10813 80321
10813 9141
1363 1107
80321 23650
80321 51025
80321 7695
80321 79020
80321 79576
80321 79723
9141 11165
10818 2260
10818 6714
2260 2246
2260 6714
2260 999
6714 1500
6714 2316
6714 2799
6714 3551
6714 5335
6714 5747
6714 5770
6714 7052
6714 7074
6714 8600
6714 999
10845 29086
10845 8192
29086 23172
29086 51035
1386 26145
1386 7329
1386 8721
283899 54617
283899 54891
283899 83444
283899 8607
5437 219541
5437 26512
5437 5430
5437 5431
5437 5438
5437 5439
5437 6925
83444 54617
83444 975
8607 25911
8607 6885
8607 7528
10859 567
10859 5777
567 3077
567 3107
567 3133
567 6890
5777 29760
5777 3206
5777 3815
5777 3821
5777 4627
5777 857
5777 89790
5777 9846
10868 321
10868 7347
10868 84461
10868 8663
321 63941
321 6812
321 7804
321 9746
7347 27338
84461 55700
84461 6118
84461 7337
10869 29927
10869 36
10869 58477
10869 7375
10869 8801
29927 27230
29927 7917
58477 4793
58477 51657
7375 55802
7375 84669
10890 64780
10891 2494
10891 2908
10891 5468
10891 7068
2494 5629
2494 8721
2908 140597
2908 158399
2908 2037
2908 2113
2908 23469
2908 26137
2908 4297
2908 4306
2908 5901
2908 6249
2908 64061
2908 7267
2908 7818
2908 80205
5468 221037
5468 26137
10892 1452
10892 5588
1452 3146
1452 324
1452 5515
1452 5525
1452 8546
5588 4478
5588 84433
10901 253260
253260 170506
253260 2475
253260 5578
253260 64223
253260 7072
10902 9643
10910 6286
10912 23564
10912 51631
10912 55692
10912 90480
23564 8600
51631 4678
51631 55037
51631 65990
51631 79576
51631 8682
10915 11052
10915 3187
10915 4869
10915 6426
4869 238
4869 3646
4869 4839
4869 55646
6426 10921
6426 6427
6426 7018
10919 1788
10919 3008
10919 3009
10919 639
10919 8353
1788 3020
1788 9063
8353 29072
8353 4297
8353 546
8353 55869
8353 5931
8353 5977
8353 8148
8353 8338
10920 1161
10920 8533
8533 9318
10921 140890
10921 163
10921 2079
10921 23517
10921 27429
10921 4795
10921 4820
10921 6429
10921 6431
10921 667
10921 79171
10921 8899
10921 9774
140890 1654
140890 3608
140890 6431
140890 6632
140890 708
163 9550
2079 55909
2079 7088
27429 3028
27429 324
27429 329
27429 57448
27429 9113
4795 843
6429 6431
6431 23076
6431 7555
667 1308
667 23557
667 27185
667 324
667 55914
79171 5093
8899 5411
9774 23592
10922 80351
80351 4012
80351 6801
10924 1620
1620 3183
10926 4176
10926 4998
10926 4999
10926 51691
10926 8317
4176 4172
4176 4175
4176 4998
4176 5347
4176 6749
4176 7337
4176 84515
4998 4175
4998 4999
4998 6502
4998 7251
4998 8317
51691 23164
51691 27258
51691 6248
8317 23594
8317 4172
10927 5764
5764 114928
5764 1687
5764 546
5764 54622
5764 54810
5764 55186
5764 56893
5764 785
5764 9672
10928 5899
10933 4000
10933 80314
10933 94239
4000 5093
4000 64949
4000 665
4000 6769
4000 6840
4000 7329
4000 90523
80314 6722
10938 29924
29924 160
29924 161
29924 2060
29924 29978
29924 6338
10939 1912
1912 2275
1912 22955
1912 648
1912 8535
10946 6627
10950 29883
27230 821
439 5201
51608 5589
51608 826
51608 8266
10955 11331
10955 51495
11331 23165
11331 6520
11331 7025
11331 864
11331 92609
10956 54583
54583 8994
10959 2150
10959 5032
10960 5601
5601 11016
5601 11221
10963 9049
10969 55646
55646 11244
55646 1736
55646 26156
55646 55226
55646 6173
55646 6727
55646 6732
55646 6741
55646 90957
10970 4713
10970 7257
7257 23353
1130 63875
1612 7249
1612 8678
1676 1677
1676 51643
3364 5883
4352 57763
5216 11161
5216 339344
5216 7408
6624 4651
6742 1163
6742 1164
7407 1936
7407 55593
84335 6919
10972 5663
5663 8502
1654 11193
1654 1977
1654 23524
1654 8655
1655 2091
1655 6299
1655 7402
1655 8202
26150 22981
3163 9869
5050 11161
5050 11244
5050 5049
5050 9842
57542 57333
6132 2261
6132 54622
6132 80013
6923 116138
6923 26043
6923 26118
6923 29959
6923 5204
6923 55644
6923 79699
6923 8270
7572 23518
7572 27332
7572 3146
7572 7745
7572 8237
7572 84078
9126 4204
9126 4601
9839 5931
9987 471
10982 4005
4005 84707
22827 84988
3313 254170
3313 387082
5393 23404
5591 3297
5591 4683
5591 7528
5591 8678
5591 8894
5591 9656
5591 9675
6156 8450
6921 1154
8148 8370
8148 8450
10988 5595
5595 4155
5595 51282
5595 5900
5595 6197
5595 6929
5595 8370
5595 9020
5595 9972
10989 4846
10989 51566
10989 648
10989 7251
4846 2639
4846 3020
4846 4836
4846 51061
4846 51070
4846 88
648 6045
7251 2194
7251 4076
7251 51231
7251 55165
7251 7314
7251 9091
7251 91107
7251 93343
7251 9727
11006 3635
3635 1436
3635 146722
3635 2268
3635 3718
3635 5175
3635 6504
3635 79930
11007 1838
11007 2059
11007 220136
11007 23641
11007 26152
11007 26240
11007 27229
11007 55209
11007 55565
11007 55885
11007 5700
11007 6944
11007 7755
11007 79005
11007 84260
11007 84310
2059 3690
2059 51168
2059 6461
2059 65265
26152 23412
55885 8861
5700 5701
5700 7979
11016 129531
11021 238
238 4192
238 5291
238 79677
238 8651
54472 329
54472 331
11033 2932
2932 11186
2932 1622
2932 170506
2932 23239
2932 2475
2932 4131
2932 467
2932 51380
2932 6503
2932 688
2932 7511
2932 9158
11035 1627
11035 2058
11035 2316
11035 2782
11035 55210
11035 790
11035 83543
1627 51360
2316 3688
2316 3695
2316 80790
2782 2045
2782 2786
2782 2790
2782 55970
790 27095
790 4214
790 5515
790 5971
790 9020
11124 197131
11124 355
11124 6500
11124 7415
51150 6118
5757 5111
7917 1805
7917 30008
7917 4681
7917 6844
7917 7415
7917 84223
7917 9869
80308 373
5683 4350
5683 5686
5683 5692
5683 5693
5683 56984
5683 5701
5683 5702
5683 5719
5683 7979
5683 8412
5683 84262
5683 84301
5683 9454
5683 9491
6185 55969
6185 654364
11051 4350
11051 5432
11051 7979
4350 4282
4350 5049
4350 5701
4350 6165
4350 6235
4350 7515
5432 23133
5432 468
5432 51497
5432 5434
5432 80789
5432 9400
5432 9440
7979 5431
7979 54973
7979 55174
7979 55756
7979 5689
7979 5692
7979 5701
7979 5702
7979 5704
7979 5714
7979 5716
7979 5719
11059 51105
11059 9070
9070 7046
11060 3570
11060 6599
11060 7159
3570 1270
6599 55193
6599 6601
6599 8110
6599 9274
7159 1915
7159 3798
11063 11165
11063 26094
11063 3801
11063 54606
11165 11164
3801 6840
54606 29889
54606 6173
54606 6217
54606 64951
54606 64965
54606 65993
54606 8344
11065 51529
11065 5693
5693 5701
11069 9699
1107 128
1107 546
1107 6888
1107 80145
1107 841
1107 84181
1107 9905
546 4750
546 5290
546 5888
546 9759
80145 112950
841 29108
841 355
841 356
841 5610
841 7185
841 8554
841 8795
841 8797
841 8837
841 9020
84181 8655
11073 4683
11073 5426
11073 580
11073 672
11073 83990
11073 9656
4683 2177
4683 50484
4683 672
4683 7013
4683 9656
5426 54107
5426 5422
580 25885
580 602
580 7322
580 9656
672 1111
672 2175
672 2177
672 3329
672 4089
672 5440
672 5888
672 5931
672 675
672 6772
672 7153
672 83990
672 891
672 9555
672 9656
9656 332
9656 891
11083 369
369 1373
369 445
11091 5929
11091 7391
5929 7391
7391 142
7391 7520
11096 7078
7078 4323
11100 1400
11100 8450
1400 3189
1400 51776
1400 5272
1400 5511
1400 8886
8450 220988
8450 23318
8450 3836
8450 3852
8450 3860
8450 3861
8450 3868
8450 51493
8450 54431
8450 56922
8450 6188
8450 79632
8450 80067
8450 83743
1111 1786
1111 2178
1111 4089
1111 5888
1111 8914
1111 91754
1111 993
1111 994
1111 995
1786 2146
1786 29128
1786 3070
1786 6929
1786 9219
2178 2175
4089 121268
4089 1915
4089 2624
4089 51176
4089 51497
4089 5265
4089 54440
4089 6988
4089 8021
4089 8767
4089 9146
5888 2177
5888 25788
5888 51466
5888 8438
5888 9401
8914 1408
8914 7018
91754 5901
993 891
994 1794
994 9833
995 5347
995 891
11113 388
388 2339
197131 26043
197131 3910
197131 51035
197131 54622
197131 55968
197131 8649
355 29979
355 356
355 4233
355 4478
355 4771
355 5578
355 8795
355 8837
355 889
355 961
6500 115290
6500 25827
6500 26190
6500 26232
6500 2873
6500 84893
7415 165324
7415 26270
7415 4867
7415 51322
7415 550
7415 554
7415 55768
7415 6925
7415 9373
4001 3001
4001 5339
4001 7112
4001 9833
57082 701
701 5347
701 991
11132 1947
1947 23426
1947 5783
1947 6386
11133 55846
11133 57111
11135 2275
2275 6722
1114 11343
1114 6258
6258 5914
1163 891
1163 991
348 1508
348 213
348 5360
5886 5147
5886 7337
5886 7520
6294 1936
6794 6198
84106 3937
9361 60673
57332 8535
8370 55352
11145 56893
56893 23414
56893 26994
56893 27122
56893 27253
56893 4832
56893 51661
56893 55578
56893 79879
56893 8241
56893 862
56893 93974
56893 9463
11151 4689
4689 1535
4689 1536
4689 4688
4689 653361
4689 7295
11154 2969
11155 91977
11156 23042
11156 26505
11156 5111
11156 55215
11156 5825
11156 64210
11156 6520
11156 6772
11156 9131
5111 11201
5111 27343
5111 4595
5111 5982
55215 2177
55215 53918
55215 57602
5825 8079
6520 23657
6520 3383
6520 8140
6772 1234
6772 1845
6772 283820
6772 3459
6772 3560
6772 3659
6772 4192
6772 5610
6772 84285
6772 9111
6772 9466
9131 487
9131 5478
9131 55969
11160 267
11160 4867
11160 7353
267 6647
267 7327
267 92609
7353 127733
7353 26230
7353 51035
7353 5708
7353 6502
11161 3189
11161 55643
11161 8655
3189 311
55643 51035
55643 7046
8655 140735
8655 154796
8655 1742
8655 1778
8655 199745
8655 226
8655 4548
8655 4915
8655 4916
8655 5048
8655 782
8655 81488
8655 9924
11170 83878
83878 3603
83878 9146
11171 64431
64431 204
11176 2091
11176 8467
2091 6638
2091 7150
2091 8780
2091 958
8467 84172
11184 27040
11184 3059
11184 3937
11184 84433
27040 3702
27040 3937
27040 51744
27040 6503
27040 7409
27040 7535
27040 916
27040 920
27040 925
27040 9402
3059 2268
3059 973
3937 2533
3937 3702
3937 50852
3937 5336
3937 7409
3937 7535
3937 9402
84433 7535
11186 3265
11186 3488
11186 7507
3265 3956
3265 4763
3488 6696
7507 2074
11188 3667
11188 8660
3667 2690
3667 3066
3667 3480
8660 3480
11193 6628
11193 9092
6628 6813
11198 908
908 4214
908 5520
2305 891
2305 996
23408 3459
23408 3663
23408 51003
23408 6648
23408 8864
5347 151648
5347 1894
5347 1975
5347 2170
5347 23152
5347 259266
5347 26234
5347 26271
5347 29127
5347 3297
5347 375484
5347 4172
5347 51512
5347 54821
5347 55165
5347 5685
5347 5690
5347 675
5347 7277
5347 79866
5347 891
5347 9088
5347 9330
5515 253143
5515 3654
5515 4137
5515 4627
5515 5524
5515 6418
5515 6801
5515 7291
55869 6234
55869 6632
55869 862
6925 2313
6925 26959
6925 472
6925 5430
6925 6886
6925 7482
6925 862
6925 891
6925 9093
6925 9448
6925 9969
11214 2776
2776 3357
2776 5997
2776 7275
2776 8490
11218 6813
11218 6814
6813 6814
6814 8773
1122 5864
1122 5876
1123 90
90 2288
90 51285
90 57381
90 92
112398 3091
3091 3164
3091 367
3091 406
3091 4172
3091 51588
3091 54971
3091 55818
3091 64344
11244 3417
11244 4666
11244 4771
11244 8644
4666 200081
4771 597
4771 598
4771 6386
4771 8795
4771 9842
11252 54386
54386 244
54386 9785
11260 5901
5901 3837
5901 4747
5901 84220
5901 9555
112714 5204
112724 440574
11276 164
164 27342
164 57473
11277 6418
6418 54700
6418 8357
11284 7515
11284 81887
7515 328
81887 2113
81887 27043
55644 1397
55644 163033
55644 4582
55644 8270
112869 8295
8295 7421
112950 9150
9150 11329
9150 55140
1616 55929
3066 1198
3066 1499
3066 23028
3066 23414
3066 30827
3066 51317
3066 5467
3066 5511
3066 55806
3066 5947
3066 688
3066 8099
3066 8930
7329 128866
7329 1602
7329 222484
7329 23064
7329 23132
7329 23295
7329 23512
7329 2521
7329 2804
7329 30834
7329 328
7329 373
7329 3895
7329 51199
7329 51567
7329 54542
7329 54778
7329 5893
7329 64397
7329 6881
7329 9112
7329 9975
11316 375
375 84725
375 9043
375 9179
55011 79657
55011 9675
8725 79871
7025 196
864 4478
864 9759
92609 1759
92609 23118
92609 4793
92609 5971
92609 8795
92609 8848
11333 5159
5159 1901
5159 2549
5159 3690
5159 5156
5159 5290
5159 5793
5159 6299
5159 6642
5159 80310
5159 8831
4288 56992
5430 2073
5430 26512
5430 3150
5430 51692
5430 5439
5430 55140
5430 6830
5430 6881
5430 7936
5971 4499
5971 4507
5971 5977
5971 86
8805 8061
8805 9014
8815 522
8815 5931
8815 5977
8815 7284
8815 7508
8815 84661
8815 9274
11337 4943
11337 7037
11337 9489
11338 222389
11339 27
11339 7112
27 2066
27 2876
4905 53917
4905 5800
4905 6804
6187 2246
96459 201163
1136 1143
1136 29979
1143 1138
1143 29979
29979 23283
29979 29978
29979 3300
29979 80318
29979 891
29979 961
114088 6616
6616 6804
114548 58484
114569 7163
7163 7164
23020 7150
23020 9391
23304 26043
3064 23001
3064 29072
3064 3093
3064 4077
3064 5978
3064 6874
3064 6908
3064 8263
3064 8518
3064 9322
4214 2194
4214 3551
5781 4216
5781 5578
7182 23607
8518 23557
8518 26610
8518 55140
114803 8338
8338 27043
8338 5896
8338 64854
8338 8357
8338 9014
114836 4068
114836 7535
4068 2533
4068 4063
4068 51744
4068 57823
4068 6504
7535 115352
7535 26191
7535 27240
7535 50619
7535 51130
7535 54900
7535 55824
7535 5774
7535 7277
7535 84174
7535 916
7535 921
7535 952
7535 974
114883 114885
114883 89890
89890 84078
114897 554
114928 27185
114928 3363
114928 7295
114928 9001
27185 149473
27185 1778
27185 22803
27185 23064
27185 23345
27185 285025
27185 51340
27185 6711
27185 7402
27185 8404
27185 9472
3363 9737
7295 3301
7295 4615
115265 5565
5565 23405
1153 9529
3093 54778
3093 64844
115817 9759
9759 25885
9759 3725
9759 4204
9759 50943
9759 54891
9759 58
9759 7707
9759 7994
9759 84458
1159 548596
116 117
891 1164
891 26271
891 3708
891 51433
891 55872
891 57820
891 64061
891 7289
891 899
891 991
891 996
991 26271
991 27338
991 3297
991 51053
991 51067
991 51433
991 55534
991 6502
991 7272
991 9232
991 996
116349 7205
1164 9133
117157 4063
117157 51744
117157 6504
51744 962
6504 2268
1175 160
1176 7781
7781 8546
118424 9659
118429 1499
118429 2188
118429 2189
118429 55096
1499 1857
1499 26060
1499 50937
1499 51701
1499 56998
1499 64403
1499 84456
1499 9463
2189 2176
2189 91442
118460 51690
118460 5689
118460 7538
51690 23658
51690 25804
51690 5213
51690 57819
51690 7741
5689 5688
5689 79008
118924 1936
1936 284004
1936 64376
1936 6647
1191 150684
1191 7804
150684 170622
150684 57407
150684 6338
7804 4043
2035 1603
2035 2280
2035 22818
2035 25994
2035 5037
2035 5049
2035 529
2035 5303
2035 6169
2035 81892
2035 83658
1195 51747
550 6400
120892 4773
120892 5071
5071 23208
5071 5049
5071 55294
1212 3092
3092 55081
121268 1978
1978 4597
1978 9470
23163 377
23163 57617
5829 5921
5829 9815
151636 83666
25842 8360
4204 6497
4204 653604
4204 84447
55193 196528
55193 51806
122769 3604
3604 8744
122953 3726
3726 2353
3726 468
123169 80349
1232 3627
1232 6351
1232 6352
1232 6355
1232 6373
3627 3490
6351 1234
6351 6348
6352 1234
6355 1234
123228 7314
1234 174
1234 5686
1234 6348
1234 729230
5686 5688
5686 79008
5686 84262
5686 8624
5686 91445
6348 388372
6348 5552
729230 6357
124460 6404
6404 6402
124739 260425
260425 7082
125476 29844
125476 54617
54617 54891
126014 2204
2204 29992
126119 23382
126133 7398
7398 1823
7398 3315
7398 5317
7398 79915
23774 653604
7290 23523
7290 653604
7290 8360
7862 653604
84733 653604
127002 5523
5523 5524
5523 5536
1272 3371
3371 2335
1277 1278
1277 1634
1277 2252
1277 22795
1277 22918
1277 4313
1277 4811
1277 5654
1277 633
1277 649
1277 6678
1277 7450
1277 948
1278 1634
1278 22918
1278 4060
1278 50509
1278 633
1278 6678
1278 7450
1278 948
1634 1288
1634 1289
1634 1291
1634 1805
1634 2006
1634 4313
1634 4314
1634 7057
1634 7373
1634 8840
2252 1281
2252 8829
22795 2006
22795 3339
22795 3915
4313 1293
4313 2
4313 23621
4313 4323
4313 6387
4313 7058
4313 7077
4313 80781
4313 825
4811 2192
4811 2199
4811 3339
4811 3690
4811 3915
4811 57125
5654 1281
633 1280
633 2006
633 7040
633 8840
649 1290
649 3339
649 57045
6678 1280
6678 1281
6678 1289
6678 1513
6678 3339
6678 5154
7450 2157
4060 4323
50509 1289
1280 1311
1281 4921
1281 5118
1281 7010
7010 5793
7010 7075
7010 9068
1282 1284
1287 1288
1287 7376
1287 9921
1288 2199
7376 5578
7376 80010
128710 6789
128710 84464
6789 166824
6789 283349
84464 1642
84464 23511
2199 1462
2199 2006
2199 3339
1289 1290
1289 7057
7057 2335
7057 3075
7057 4318
7057 5155
7057 7035
1291 3912
3912 3915
129685 6881
129685 9913
6881 1665
6881 6878
6881 80854
131118 51025
1314 1315
1314 22908
1314 55738
22908 22820
55738 7083
1326 79155
132660 5934
1329 51497
51497 25764
51497 25920
133522 221504
133522 3054
3054 23133
3054 3660
3054 3725
1974 57062
1974 8227
134957 6810
6810 8773
6810 8775
6810 9554
136227 871
871 54978
1364 6462
6462 23557
6462 6717
6462 84688
1382 6612
6612 2353
6612 29761
6612 29843
6612 3725
6612 55553
3209 4212
3209 56917
3209 6877
466 8721
6197 2247
6197 3151
6197 3356
6197 3875
6197 5337
6722 4800
6722 839
8721 5578
8721 6908
28996 26273
28996 2919
28996 6885
3665 55006
4297 29915
4297 4221
4297 4299
4297 7994
51621 6720
55728 602
55728 7403
602 2931
602 2957
7421 2268
7421 23426
1399 2066
1399 3454
1399 57498
1793 391
1793 63916
2060 23111
2060 26994
2060 3268
2060 7311
2060 9185
23136 6711
51375 5441
55114 23048
55114 2639
58512 5335
85358 22866
85358 9228
8976 23048
8976 644150
8976 9873
9757 22976
2066 145957
2066 1740
2066 7216
57498 4804
57498 5587
14 7083
7083 221037
7083 23157
7083 23589
7083 2664
7083 4287
7083 506
7083 51380
7083 54920
7083 55049
7083 57418
7083 6818
7083 84321
7083 9013
51776 5609
140691 7098
7098 353376
7098 3656
7098 6885
140735 9721
1408 5187
1408 8863
1408 8864
5187 57545
5187 8863
5187 8864
8863 57545
8863 8864
140809 51377
51377 244
51377 445582
51377 4843
51377 5685
51377 5708
51377 80227
51377 9352
140885 961
961 55423
6632 6633
6632 84967
1410 1431
1410 598
1410 825
598 22861
598 2475
598 26098
598 2707
598 27113
598 5664
598 572
598 5994
598 662
598 7009
598 85440
598 8837
825 64778
142 23649
142 3020
142 7520
23649 167227
23649 2146
23649 2487
3020 7520
3020 79711
7520 151648
7520 9557
142678 8915
8915 329
142689 9616
9616 54205
9616 7321
1459 28960
1459 31
1459 57154
4149 23269
4149 55787
5599 23005
5599 440193
5599 60592
5599 9564
6171 5621
9972 23039
9972 3842
9972 57510
1435 1436
1435 8651
8651 3459
8651 3560
8651 3716
8651 3717
8651 6924
1439 3563
1439 3815
1439 5579
3815 5156
3815 6777
3815 8777
3815 9655
5579 3689
5579 4900
5579 653361
5579 695
5579 7940
5579 921
144100 999
999 1495
999 1500
999 2768
999 51530
999 7430
999 8881
144455 79733
1445 2697
1445 3480
1445 3725
1445 5921
3480 23365
3725 2114
3725 2353
3725 467
3725 7169
3725 7409
5921 2049
5921 2549
5921 79738
324 23345
324 23384
324 23499
324 26057
324 26058
324 2801
324 344148
324 3799
324 3910
324 4629
324 53371
324 55777
324 55914
324 5783
324 6118
324 64397
324 7277
324 8313
324 84952
324 8826
324 89795
145226 653145
653145 244
1454 406
1454 637
637 599
1933 16
2288 2280
2288 4306
2288 475
2288 79876
23076 3609
23076 7150
23076 8029
4298 23476
4298 8028
51177 80007
55677 29072
57062 8480
57062 8772
6137 6929
8473 22906
8473 9158
145781 404734
145781 4649
4649 4793
4649 81488
31 4300
31 9391
57154 23551
57154 54602
29959 81628
51124 284615
975 7106
146059 5170
5170 5411
5170 5795
1462 2192
1462 2313
1462 6387
1462 6403
2192 2006
2192 3339
2192 6997
2313 2078
6387 1511
6387 1803
6387 54878
6403 710
1464 5747
5747 5770
5747 9821
146956 8438
1476 1512
147808 23542
23542 23224
23542 2634
23542 9479
148022 81844
148170 998
998 57787
998 6767
998 9322
148327 23193
23193 7916
148479 80772
80772 924
1488 6130
6130 151648
1490 3339
1490 3678
1490 4035
1490 7043
3678 6696
3678 80781
3678 8829
4035 1511
4035 1600
4035 1601
4035 1742
4035 2
4035 23621
4035 4023
4035 4323
4035 4325
4035 4854
4035 5054
4035 51454
4035 55333
4035 6328
4035 6498
4035 857
7043 2331
7043 4054
1493 941
1493 942
941 942
942 220972
1495 1500
1495 157638
1495 25852
26060 55198
26060 79036
9463 5582
9463 55914
1501 55914
55914 4092
6338 6340
1508 5328
5328 5329
5328 695
151056 6271
6271 1674
6271 27101
6271 6261
6271 6285
6271 829
1511 2149
2149 857
2149 9737
151188 84100
84100 51329
84100 64225
151230 23326
23326 23019
151246 55143
55143 151648
55143 332
55143 7272
151254 4175
4175 4172
4175 6749
4175 7128
4175 8360
4175 84515
7038 821
151648 5519
5519 3329
5519 55844
5519 7128
151888 8764
8764 4049
8764 57562
8764 7185
8764 79568
8764 8740
8764 9789
152 84687
84687 55607
84687 6198
152006 7161
7161 64779
1523 274
1523 7555
274 51100
274 5906
7555 25873
7555 6152
7555 6164
7555 6165
7555 6217
7555 6223
152559 5894
5894 3716
5894 3717
5894 5578
5894 55872
5894 6009
5894 8837
1535 4688
1535 653361
4688 1536
4688 653361
653361 1536
653361 356
653361 6427
1536 5880
5880 1794
5880 397
153769 356
356 23048
356 2533
356 26578
356 3702
356 4478
356 64092
356 64333
356 6708
356 9051
154 9590
154 9737
9590 2273
9737 3579
9737 6869
155061 6885
6885 2289
6885 246330
6885 8767
156 5082
157285 5660
157570 6839
6839 2122
6839 5931
6839 6886
158 4856
4856 5441
159989 3437
3437 24138
3437 3433
3437 3434
1600 3949
3949 255738
1601 3690
3690 2335
3690 5156
7249 5868
8678 30849
8678 60412
1615 1915
1915 1787
1915 27258
1915 54512
1915 6880
1915 7178
1915 9061
1915 9315
1915 9587
55929 55844
161742 7016
3183 8907
163033 57002
1633 219541
219541 5431
219541 5436
219541 54797
219541 9412
219541 9969
1805 4015
2006 28986
2006 30008
2006 4015
2006 4016
4314 5054
163882 2707
2707 51074
1639 9391
9391 51647
9391 6738
27342 57403
57473 22992
57473 55737
57473 58487
57473 64855
1642 55626
4478 27044
4478 3383
4478 3384
4478 6623
4478 7412
4478 8795
5465 29982
5465 5578
5914 51082
5914 6477
5914 6497
8543 4802
8543 9371
1977 1975
1977 23191
23524 23176
23524 5411
23524 55324
23524 5704
23524 6633
23524 6636
6299 2706
6299 3654
6299 389
6299 5156
7402 5478
7402 6645
8202 29028
8202 3551
8202 6908
166379 585
166379 79738
585 229
585 5076
585 582
79738 57545
166647 6259
6259 2048
6259 2049
6259 341640
6259 5754
6259 64881
6259 80381
51643 23065
51643 54918
51643 55669
51643 6146
168451 23172
23172 7874
168667 650
650 25928
650 657
650 659
170463 8861
8861 9355
170506 7096
7096 7099
1717 4692
4692 23741
4692 4804
4692 64219
1731 23157
1739 3768
1739 65993
1739 89780
89780 8325
1740 19
1740 2894
1740 2903
1740 493
1740 54413
1740 6329
1740 8322
19 23673
19 27295
19 50944
19 51735
19 7508
19 8777
19 8825
19 9826
2894 2009
2903 1742
2903 5578
2903 5998
2903 815
493 1742
54413 1742
54413 9379
6329 6645
1741 54910
1742 2892
1742 3751
1742 50944
1742 57555
1742 8831
1742 9228
2892 6386
2892 80852
3751 30820
8831 815
8831 8777
8831 9706
1747 51567
51567 517
51567 6890
1759 2241
1759 23268
1759 857
23268 51466
857 1901
857 1910
857 2706
857 3355
857 3397
857 4804
857 5156
857 5243
857 5337
857 5621
857 5743
857 660
857 7220
857 8165
857 8436
857 858
1778 5048
1778 5664
5048 5049
5048 7846
5664 3337
5664 4853
1780 636
1780 6780
1780 83658
636 2931
6780 3609
83658 23612
1785 4287
1785 5148
1785 7297
1785 7409
1785 9051
7409 1794
7409 26191
7409 3689
7409 397
7409 58
7409 6503
7409 695
7409 930
9051 2222
9051 914
2146 27161
3070 1789
6929 3400
6929 6502
9219 1831
9219 23028
9219 2961
9219 6304
9219 9690
9063 6775
9063 89797
1789 6996
391 255520
1794 9844
1803 2191
1803 2920
1803 6349
4015 30008
1815 54102
182 4242
182 4854
182 54874
182 57534
4854 3714
57534 27131
1822 4155
1822 84465
4155 3654
4155 4316
4155 54822
4155 5578
4155 55872
4155 6732
4155 8550
4155 8576
4155 9833
1823 1828
1823 1829
1823 5317
1823 5318
1828 1824
1828 25818
1829 1824
1829 5318
5317 3861
5318 1824
5318 3728
5318 3852
1824 3728
1827 5530
183 23549
23549 28988
1831 8848
8848 23039
8848 6643
8848 7178
8848 79751
1832 5581
1832 8502
5581 3856
5581 60312
5581 6199
5581 673
1840 7322
7322 25793
7322 54778
7322 55819
7322 91445
85409 7039
6993 9531
29028 1870
5036 5571
5036 5582
5036 60673
1870 9564
1871 7029
1876 84108
84108 6015
84108 8535
1894 29127
27295 2273
51735 5783
9826 23654
22955 8535
8535 23269
8535 6304
8535 7703
54512 23016
54512 4750
6880 23301
6880 6902
54726 2584
54726 3337
54726 51068
3716 3459
3716 3560
3716 5321
3716 5336
3716 5578
3716 9180
3716 9466
284004 54857
6647 3337
29970 26054
29970 4131
29970 4133
29970 6741
5802 5797
1945 2043
2043 1948
2043 2263
6386 27111
6386 29062
1948 9456
9456 26052
9456 2897
9456 51225
9456 7220
1950 23048
1951 57731
1951 8888
57731 5799
8888 51259
8888 56943
1953 8076
2934 53405
3875 3856
5336 3702
5336 54923
5336 640
5575 55607
5575 8165
5587 2034
5587 3315
660 5292
6777 6464
7039 6868
818 6853
818 81
9021 3953
9021 79004
9146 3560
9146 541468
9146 5476
9146 6642
9146 682
1958 6909
1959 4720
196528 6601
196528 9274
6601 23394
6601 6604
26043 23352
26043 254065
26043 55717
26043 84078
3910 2273
51035 9867
55968 51808
8649 25998
8649 5605
197259 84321
197342 57697
1975 84078
84078 23085
84078 57805
84078 64062
84078 7082
84078 8729
84078 8826
1981 22916
1982 6498
6498 204851
6498 23328
6498 2335
6498 23499
6498 26508
6498 5792
6498 6232
6498 9869
1984 64328
23431 9179
2802 51125
28964 9459
331 329
3460 6168
3842 84220
4591 705
4591 79843
472 79035
472 8445
472 9736
481 27037
51074 60491
51592 4066
5252 3090
55662 7337
58508 7403
6609 427
6741 9020
6938 6886
6938 862
7750 5725
7764 23028
79666 65264
9475 4659
9475 8576
9522 7337
9522 8773
9867 64854
2 2669
2 5154
2669 24146
2000 25793
200081 55787
5606 4868
5606 9344
30008 3087
30008 57088
200845 84033
84033 7273
57819 23658
57819 3301
57819 6633
91746 23164
91746 2801
91746 3075
91746 7294
2016 5433
5433 5436
5433 55588
2017 5770
5770 2690
5770 5338
2019 5080
2022 93
2022 94
93 3547
94 92
226 2027
3688 2324
3688 26548
3688 3672
3688 3732
3688 3964
3688 51129
3688 7094
3688 7846
3688 81
3688 87
3688 9270
3688 9448
2026 2029
2027 23557
23557 23049
23557 23499
23557 26258
23557 388552
23557 92689
4294 3208
4793 25901
4793 30834
4793 5966
4793 6279
4793 6590
4793 9533
2113 22990
2113 27034
2113 4211
2113 4741
2113 7267
2113 815
2113 9353
26959 80318
3663 4615
3663 54676
4208 2034
4208 4851
4208 6711
6886 5931
7392 6279
8360 6749
8360 8355
2034 583
583 5076
5037 55876
5049 6175
2037 2286
2263 7846
2049 4798
6464 7175
6461 27173
23111 9372
26994 7321
26994 88455
7311 3300
7311 51741
9185 85021
2064 2886
2064 5795
5795 2549
8412 6147
7216 705
7216 785
2475 55615
2475 7015
4296 5871
572 7001
9479 7074
2072 5893
5893 6118
2078 2115
7088 3336
7088 6637
7088 7403
6638 26058
7150 55226
7150 55775
7150 9416
958 23071
958 7188
958 7922
30836 7289
367 2119
367 3169
367 3572
367 5460
367 8204
6908 8554
2101 8193
4211 3199
4211 3202
4211 3204
4211 3205
4211 3235
4741 50488
9353 54538
2114 5460
5460 6152
5460 9669
5460 9869
2116 55818
9846 8792
2125 54477
54477 25804
54477 6711
54477 80851
54477 8842
213 6927
3693 23371
3693 8650
2140 51804
2140 6497
2145 23512
23512 5927
27161 7153
58494 7082
58494 83700
83700 7082
2157 5627
2157 90411
5627 2159
2159 5327
217 54978
54978 4935
54978 6331
54978 84107
2176 7184
7184 6648
7184 7097
2186 8355
2186 8365
8355 8365
8355 84148
8365 8349
8365 8351
8365 8357
8365 9612
2187 91442
219333 57599
219333 64854
57599 51184
64854 8826
5431 5439
5431 80306
5436 80789
5436 8575
54797 51586
54797 6837
54797 80306
9969 81857
9969 9325
7277 3957
7277 4049
2207 2214
2207 695
2214 920
695 3702
695 51311
695 54106
695 7006
695 7099
695 930
221037 9172
221184 5536
920 3113
920 3118
920 3119
920 6402
920 921
920 940
920 963
221656 22976
22976 6456
221937 3660
222484 266727
222484 65264
65264 9666
5719 5701
5719 5702
5719 5704
5719 5714
2247 5806
2247 9672
8829 2321
8829 5228
2268 5329
5329 3684
5329 4321
5329 6835
22797 4286
22800 54922
54922 22808
54922 5911
22809 9568
22861 838
22866 79817
79817 22978
4306 5629
79876 9446
22881 57545
57545 6901
22883 2963
2963 4673
2963 5434
2963 688
22890 55534
22890 7597
229 582
582 5076
22905 7020
7020 7913
22913 85015
85015 4637
22919 5476
22926 7466
22930 9637
9637 4750
9637 80178
9637 90987
2997 2992
6118 22944
84148 6045
8668 5704
22934 60491
60491 79036
6919 30851
6919 5439
988 26036
988 26146
988 56259
22941 8874
22943 4040
4040 4864
387082 7153
5524 4627
22954 3654
3654 3551
3654 3656
3654 5584
3654 56997
3654 57162
3654 64219
3654 7097
3654 7128
22974 3161
3161 960
6456 6311
6456 79364
22981 81576
22994 4946
4946 4953
4946 51588
23005 54840
23016 23404
23016 9807
23404 65110
23035 7430
7430 3897
7430 396
7430 5493
7430 8772
996 26271
996 51433
996 51434
996 79004
996 9232
23062 55707
54464 25804
54464 29952
54464 51079
23066 9690
9690 5708
3609 3178
23077 7273
7273 26001
7273 3987
7273 4756
7273 513
7273 64778
7273 79745
23087 7321
7321 6201
7321 9666
57801 84319
23095 29956
23095 7024
7024 5019
23097 80306
80306 23389
9372 23613
9372 29967
9372 5930
9372 89941
9372 9802
23112 26058
26058 6631
23118 2335
23118 57805
23118 7278
2335 4907
2335 5207
2335 6188
2335 7045
2335 8516
7278 3551
23130 81631
81631 26019
81631 55054
23135 8357
8357 27043
8357 5896
8357 80764
8357 9031
8357 9425
6711 23236
23152 7095
23161 9970
9970 4134
377 23647
57617 65082
7874 4118
7874 9093
6444 6443
23203 659
659 26960
659 657
23216 23710
23710 2631
23710 3032
23710 5584
2322 5782
5782 54881
5782 9050
23236 5999
5999 5724
4853 9794
23254 5493
51466 2639
5978 26190
5978 54461
23301 79871
23309 9869
9869 56944
2332 8087
8087 57562
84062 26258
84062 388552
23327 27301
23327 4914
23327 50488
23327 56987
23327 65266
23327 65997
23327 79901
4914 4613
50488 6712
23328 79723
79723 23492
23348 64710
23360 3930
3930 6732
3459 3458
3459 3717
3459 821
51003 9443
6648 57602
23409 6502
6502 54556
675 24137
675 5378
675 56946
675 6331
83590 84447
3297 9486
5297 924
5160 5165
65109 26019
65109 9939
23429 54880
23429 6045
23435 3178
3178 56949
23438 684
7936 85014
7936 9341
2346 4507
23466 80012
23466 8237
8237 23492
8237 4646
23469 5245
23471 79139
79139 3837
23481 55759
23498 2571
23499 55763
55763 54520
55763 55770
55763 81035
5704 5701
5704 5714
5704 5716
6633 79760
6633 79833
6633 84967
23533 5294
5294 3845
5294 940
5294 951
23543 473
473 5359
26258 2647
26258 28952
26258 388552
26258 541468
8600 51808
23582 64965
23586 26064
23586 5578
23586 5612
5578 491
5578 6134
5578 6236
5578 673
5578 7504
5578 928
23594 23595
23607 5867
23608 7015
7015 55226
23612 25902
23612 25939
23612 26155
23612 4832
23612 5983
25902 49856
23621 25798
23621 26232
23624 329
23643 7097
23643 7099
7097 4615
7099 929
23650 6474
23650 84445
23650 9832
84445 51545
23654 64218
23657 960
960 8174
2631 7453
5584 4651
5584 84552
23741 7337
7337 3040
7337 5257
7337 54812
7337 57533
7337 80304
23764 4779
4779 4097
4779 7289
239 3852
3852 3861
27335 8661
55161 55290
5682 5688
5682 5699
5682 5708
246778 9466
5629 81606
7275 3717
7275 84787
81857 400569
81857 51586
3575 3561
3575 3718
4915 4804
4915 4909
5175 5335
5786 5789
5786 5797
7070 6314
7225 7220
51588 26227
7203 26259
2549 5780
2549 5793
2549 9743
5793 7075
255488 54205
257218 4026
4026 9551
25778 51552
25788 8697
8697 29945
2580 8615
8615 2801
8615 8729
25803 7703
25804 9128
9128 5203
25820 9627
25831 3547
26127 6801
25871 9733
9733 26121
25885 6749
25885 84172
25885 9221
6749 4172
6749 57132
25890 4154
4154 9326
25898 4437
25898 57680
25898 83547
25898 90338
90338 7289
49856 4172
49856 5708
49856 79751
25904 57472
57472 85456
57472 9337
4034 4188
4034 5930
6517 60681
6517 7334
25978 26227
25980 55837
26001 9040
26003 81628
81628 5093
81628 51157
26036 5910
7082 309
7082 3856
7082 50855
7082 55243
29888 85369
29888 92170
26122 54556
26146 51322
26156 9020
9020 330
9020 3376
9020 5917
9020 6228
9020 7185
9020 83743
9020 8837
26168 27043
26168 6191
27043 8349
54973 57508
26191 916
916 3718
916 50852
916 9094
916 915
916 917
916 952
916 974
26234 3658
3658 54532
26235 9682
28952 8904
3301 7185
3301 8881
3301 9232
2629 3916
3916 7128
3916 9447
2639 54536
2639 5685
5685 5692
5685 5696
5685 5698
5685 5950
26508 4092
4092 55870
26511 3198
26511 5013
3198 5621
3198 56940
26512 5439
26512 55756
26512 79035
5439 55132
55756 55174
9113 92597
9113 9891
26548 51100
26548 51535
26548 6442
26548 9933
51535 55577
26610 55140
2664 80204
2664 81876
80204 3336
80204 80303
2665 9474
9474 8724
2671 2873
2873 3705
2873 79735
2675 4902
2690 5335
2690 5618
2690 5771
5335 3702
5335 933
5335 940
5618 5478
5618 8835
26973 8557
3702 9047
3702 914
3702 940
925 915
925 926
8349 5896
27044 2961
27101 3692
27101 55593
27101 9337
9337 4082
9337 4850
27111 92610
27113 597
597 578
27148 2737
7153 6732
8404 5621
821 5265
27236 381
27246 9732
27248 6400
27248 84447
84447 51669
84447 537
2731 7128
7128 3551
7128 3656
7128 57470
7128 7185
7128 7763
7128 79931
8661 5976
57403 7879
57448 9101
276 8099
2770 59340
2770 7852
2770 8698
2770 9294
7852 4627
5997 5862
2781 6001
6001 2798
2804 4694
8470 87
2821 3486
3486 7018
283 537
283337 5621
5621 4045
5621 65062
5621 85480
5621 8745
283349 6788
6788 51808
28512 7516
2868 624
286826 4603
2870 6623
288 51361
51082 6477
51371 5694
6855 6477
6855 6804
9712 81
2890 3579
8904 5962
9459 66000
9459 8260
5520 7046
2906 340719
29079 84105
84105 9443
6249 8826
7818 8718
291 5481
6135 57103
6202 6223
2931 6446
6446 6507
4131 84557
467 3399
467 55509
467 7988
2956 5378
5378 8975
5378 92797
2960 6917
4488 7089
5434 9400
4331 55791
63971 8907
2976 9330
9330 9329
29803 51053
85369 55917
29893 5702
5702 5708
5702 5714
29894 6879
4133 865
29997 5610
5610 3475
5610 4343
5610 79132
51433 51434
51433 9232
65059 55740
9414 9075
3002 5551
3002 5552
5551 5552
4804 4099
4804 4909
4804 4916
4804 6272
5069 718
5496 81545
5589 379
5691 5694
5692 84262
9782 5093
6277 311
6277 6285
6281 310
6281 55503
3040 3043
3043 3240
973 3512
973 640
973 921
973 930
973 974
9322 84693
51422 440
51422 5571
5563 3337
55806 5915
64754 816
30827 9739
5467 6257
5467 8624
4733 55854
5984 5982
5984 79915
6732 55612
3075 3426
3082 6383
30820 3750
30834 51042
7289 53339
7289 57584
7289 79745
7289 88
3164 51575
3164 56616
3164 710
54778 64844
5708 80700
6890 5696
6890 5698
6890 6891
3109 3122
3109 972
3122 3123
3122 972
972 3113
972 3115
972 3117
972 3119
972 4282
3113 3115
3117 3119
3123 6737
6737 92344
3133 6399
3133 6891
6891 5696
6891 5698
4800 4802
710 6401
710 715
3181 64393
51176 4851
5725 9444
320 4851
320 64130
4851 3714
4851 54567
4851 84441
3202 7291
3205 4212
4188 60496
3799 9693
3956 56241
327 80021
3275 79869
5723 6234
6829 56902
3281 9821
330 7185
7185 4055
7185 4868
7185 5479
7185 55504
7185 5955
7185 8784
7185 8837
9232 9700
6767 573
573 4137
573 5836
7334 4831
7334 55743
7334 6477
3329 3336
3356 4916
3382 8576
8576 8195
8576 9833
3383 3559
3383 3684
3383 6288
3559 3560
3684 3689
4860 60673
3420 3421
3420 6311
6311 88
3433 3434
3717 84959
3717 9180
6696 54
353376 3656
3656 4615
8795 8797
8795 8837
8837 64422
8837 835
8837 8797
3551 9817
3553 3554
3560 3561
3560 3600
3560 3601
3560 3718
6708 5339
3561 3581
3561 3600
3561 3718
3600 3601
3586 3587
3592 3595
3595 6775
3603 3738
3603 3772
3606 837
837 6748
837 843
3987 51196
3987 7204
3987 9202
54442 9815
3646 8560
3646 8669
8560 51172
8669 8664
3655 3691
3655 4502
3691 57561
4615 3662
3662 51513
3672 7094
3675 7106
3683 3689
3689 3687
3689 9267
3689 929
5156 56034
81 4843
81 5598
81 58529
81 6232
87 5338
87 58529
87 9253
9448 3798
9448 5911
9267 9595
3696 7040
7040 651
914 921
914 962
914 963
3708 8654
3709 7220
7220 7222
7169 7168
7169 9260
468 58487
373 9266
5093 57060
5093 7360
3795 9191
3818 7980
4678 9706
3821 3824
3837 6662
6662 51606
3840 5965
3843 80823
3855 3860
396 389
396 5962
396 9709
3914 3918
3918 84174
921 817
921 923
921 939
921 974
962 8807
974 640
974 930
5962 9351
9709 915
3981 65982
8476 9578
402 5147
9551 4700
9551 7542
4323 6695
4323 7077
4049 4050
4050 8740
4836 4082
4868 8573
8943 6845
9091 5277
4301 9369
5836 80270
8242 6015
5265 4320
8767 5688
84557 83593
865 6857
4134 6257
6257 4929
6257 55219
6257 6882
4147 863
9326 5308
5213 4708
4179 928
928 6382
928 967
79813 54737
5837 57492
5837 9578
4221 8085
8085 7403
4261 5993
4312 6357
4318 7035
55791 57562
5701 5716
5701 81488
4356 90933
4599 6672
4627 8736
4627 9618
4640 9031
4703 51657
4703 55437
65123 57592
6279 79008
9533 64425
4830 4831
4830 654364
4831 55008
4831 5868
654364 5688
88 6314
88 823
88 8856
88 9282
54567 4855
84441 4855
60673 51479
4893 5290
5290 9351
4898 55233
7422 5228
7422 7423
5800 7006
6804 9810
5582 50855
5058 7046
7046 5533
7046 83452
5087 6604
57060 51444
51013 56915
56915 9388
51018 79101
79101 54700
5982 63922
5125 5797
51386 8664
51426 51455
51455 5429
51455 5980
51429 8754
51465 55553
51528 5706
5706 5395
5706 5716
57122 9688
9698 57479
51586 9282
51586 9441
9282 54550
51633 92140
51720 65263
51720 8883
5243 5292
9351 6901
924 6398
5316 5451
5320 9958
5690 8624
8975 55052
8975 65991
8975 8078
53826 55142
53826 5987
53918 8604
53944 80304
8539 9557
9802 54855
9802 79050
5424 56897
5424 84296
84296 9837
9400 9401
54550 55758
54623 8351
8351 8125
8624 56984
8624 84262
54814 64425
54868 57602
57602 84955
6223 91582
9825 8636
55004 823
55093 79077
5931 6878
5931 8520
5557 64978
55757 9577
5915 57531
7222 84876
55969 6748
55969 83858
55969 84833
5605 6002
56254 7319
56254 7320
56254 8341
7319 682
5688 7879
5699 5696
5699 5698
56984 84262
5696 5698
79008 7385
79008 79447
79008 79833
899 6241
7879 5870
8772 8996
8772 9994
57142 8775
8775 9482
65082 7405
5792 5979
5798 6645
58 84962
9135 8906
6009 9367
8554 83637
8554 9994
6882 6883
6882 8216
79760 79833
6717 85365
657 8200
79833 6637
6786 84766
6786 84876
84766 84876
84876 93129
7049 92
715 716
9338 79921
84669 9098
8718 8742
79612 8260
80014 85021
8905 8906
915 917
915 926
